Begin: 73798

Result: 11643
Status of facilities: 1 0 1 0 0 1 0 1 1 0 0 1 0 1 1 0 0 1 0 0 1 0 0 0 1 1 0 0 0 0 
The assignment of customers to facilities: 20 11 13 14 20 5 2 24 14 17 24 8 8 20 7 14 14 17 5 11 2 0 5 17 5 8 2 24 5 24 5 25 20 25 20 20 24 24 0 14 0 14 24 8 24 14 0 13 11 8 5 14 14 5 13 20 2 11 0 14 0 5 20 11 11 11 24 0 5 24 20 20 11 17 24 8 24 20 14 24 20 7 13 17 17 17 17 7 20 5 2 24 7 11 7 24 2 14 25 13 8 7 17 25 2 25 7 11 14 8 14 14 2 11 11 25 24 24 24 24 5 8 25 13 8 0 5 24 0 25 0 11 24 5 8 14 7 5 20 17 0 8 20 14 8 25 25 5 2 5 
Time cost: 3.2153375148773193s

Result: 11322
Status of facilities: 1 0 1 0 0 1 0 1 1 0 0 1 0 0 1 0 0 1 0 0 1 0 0 0 1 1 0 0 0 0 
The assignment of customers to facilities: 20 11 20 14 20 5 2 24 14 17 24 8 8 20 7 14 14 17 5 11 2 0 5 17 5 8 2 24 5 24 5 25 20 25 20 20 24 24 0 14 0 14 24 8 24 14 7 20 11 8 5 14 14 5 20 20 17 11 11 14 0 5 20 11 11 11 24 0 5 24 20 20 11 0 24 8 24 20 14 24 20 7 20 17 2 17 17 0 20 5 2 24 17 11 7 24 2 14 25 8 8 17 17 25 2 25 7 11 14 8 14 14 2 11 11 25 24 24 24 24 5 8 25 20 8 0 5 24 0 25 0 11 24 5 8 14 7 5 20 17 0 8 20 14 8 25 25 5 2 5 
Time cost: 3.246319055557251s

Result: 11640
Status of facilities: 1 0 1 0 0 1 0 1 1 0 0 1 0 1 1 0 0 1 0 0 1 0 0 0 1 1 0 0 0 0 
The assignment of customers to facilities: 20 11 13 14 20 5 2 24 14 17 24 8 8 20 7 14 14 17 5 11 2 0 5 17 5 8 2 24 5 24 5 25 20 25 20 20 24 24 0 14 0 14 24 8 24 14 7 13 11 8 5 14 14 5 20 20 2 11 0 14 0 5 20 11 11 11 24 0 5 24 20 20 11 17 24 8 24 20 14 24 20 7 13 17 17 17 2 7 20 5 2 24 7 11 7 24 2 14 25 20 8 17 17 25 2 25 7 11 14 8 14 14 2 11 11 25 24 24 24 24 5 8 25 13 8 0 5 24 0 5 0 11 24 5 8 14 7 5 20 17 0 8 20 14 8 25 25 5 2 5 
Time cost: 3.1930923461914062s

Result: 11362
Status of facilities: 1 0 1 0 0 1 0 1 1 0 0 1 0 0 1 0 0 1 0 0 1 0 0 0 1 1 0 0 0 0 
The assignment of customers to facilities: 20 11 20 14 20 5 14 24 14 17 24 8 8 20 2 14 14 0 5 11 2 0 5 17 5 8 2 24 5 24 5 25 20 25 20 20 24 24 0 14 0 14 24 8 24 14 0 20 11 8 5 14 14 5 20 20 17 11 0 14 0 5 20 11 11 11 24 0 5 24 20 20 11 17 24 8 24 20 14 24 20 7 20 17 2 17 17 7 20 5 2 24 17 11 7 24 2 2 25 20 8 7 17 25 2 25 7 11 14 8 14 14 2 11 11 25 24 24 24 24 5 8 25 20 8 0 5 24 0 25 0 11 24 5 8 14 7 5 20 17 0 8 20 14 8 25 25 5 2 5 
Time cost: 3.205897569656372s

Result: 11675
Status of facilities: 1 0 1 0 0 1 0 1 1 1 0 1 0 0 1 0 0 1 0 0 1 0 0 0 1 1 0 0 0 0 
The assignment of customers to facilities: 20 11 20 14 20 5 17 24 14 17 24 8 8 20 2 14 14 17 5 11 14 0 5 2 5 8 2 24 5 24 5 25 20 25 20 20 24 24 11 14 0 14 24 8 24 14 7 20 11 8 5 14 14 5 20 20 2 11 0 14 0 5 20 11 11 11 24 0 9 9 20 20 11 17 24 8 24 20 14 24 20 7 20 17 17 17 2 7 20 5 2 24 17 11 7 24 2 14 25 20 8 17 14 25 2 25 7 11 14 8 14 14 2 11 11 25 24 24 24 24 5 8 25 20 8 0 5 9 0 25 0 11 24 5 8 14 7 5 20 17 0 8 20 14 8 25 25 5 2 5 
Time cost: 3.2018089294433594s

Result: 11643
Status of facilities: 1 0 1 0 0 1 0 1 1 0 0 1 0 1 1 0 0 1 0 0 1 0 0 0 1 1 0 0 0 0 
The assignment of customers to facilities: 20 11 13 14 20 5 2 24 14 17 24 8 8 20 17 14 14 17 5 11 2 7 5 2 5 8 2 24 5 24 5 25 13 25 20 20 24 24 0 14 0 14 24 8 24 14 7 13 11 8 5 14 14 5 20 20 17 11 11 14 0 5 20 11 11 11 24 0 5 24 20 20 11 0 24 8 24 20 14 24 20 7 20 17 17 17 17 0 20 5 2 24 7 11 7 24 2 14 25 13 8 7 17 25 2 25 7 11 14 8 14 14 2 11 11 25 24 24 24 24 5 8 25 13 8 0 5 24 0 25 0 11 24 5 8 14 7 5 20 17 0 8 20 14 8 25 25 5 2 5 
Time cost: 3.16113018989563s

Result: 11373
Status of facilities: 1 0 1 0 0 1 0 1 1 0 0 1 0 0 1 0 0 1 0 0 1 0 0 0 1 1 0 0 0 0 
The assignment of customers to facilities: 20 11 20 14 20 5 2 24 14 17 24 8 8 20 2 14 14 0 5 11 2 0 5 17 5 8 2 24 5 24 5 25 20 25 20 20 24 24 0 14 0 14 24 8 24 14 7 20 11 8 5 14 14 5 20 20 17 25 11 14 0 5 20 11 11 11 24 0 5 24 20 20 11 0 24 8 24 20 14 24 20 7 20 17 17 17 17 7 20 5 2 24 17 11 17 24 2 14 25 20 8 7 17 25 2 25 7 11 14 8 14 14 2 11 11 25 24 24 24 24 5 8 25 20 8 0 5 24 0 25 0 11 24 5 8 14 7 5 20 17 0 8 20 14 8 25 25 5 2 5 
Time cost: 3.210573434829712s

Result: 11631
Status of facilities: 1 0 1 0 0 1 0 1 1 0 0 1 0 1 1 0 0 1 0 0 1 0 0 0 1 1 0 0 0 0 
The assignment of customers to facilities: 20 11 13 14 20 5 2 24 14 17 24 8 8 20 2 14 14 17 5 11 14 0 5 7 5 8 2 24 5 24 5 25 13 25 20 20 24 24 0 14 0 14 24 8 24 14 0 13 11 8 5 14 14 5 13 20 17 11 11 14 0 5 20 11 11 11 24 0 5 24 20 20 11 17 24 8 24 20 14 24 20 7 13 17 17 17 17 7 20 5 2 24 17 11 7 5 2 2 25 13 8 17 14 25 2 25 7 11 14 8 14 14 2 11 11 25 24 24 24 24 5 8 25 13 20 0 5 24 0 25 0 11 24 5 8 14 7 5 20 17 0 8 20 14 8 25 25 5 2 5 
Time cost: 3.3878731727600098s

Result: 11981
Status of facilities: 1 0 1 0 0 1 0 1 1 1 0 1 0 1 1 0 0 1 0 0 1 0 0 0 1 1 0 0 0 0 
The assignment of customers to facilities: 20 11 13 14 20 5 2 24 14 17 9 8 8 20 7 14 14 17 5 11 2 0 5 17 5 8 2 24 5 24 5 25 20 25 20 20 24 24 0 14 0 14 24 8 24 14 7 13 11 8 5 14 14 5 20 20 17 11 0 14 0 5 20 11 11 11 9 0 5 24 20 20 11 17 24 8 9 20 14 24 20 7 13 0 17 17 17 7 20 5 2 24 7 11 7 5 2 2 25 13 8 7 17 25 2 25 7 11 14 8 14 14 2 11 11 25 24 24 24 24 5 8 25 13 8 0 5 9 0 25 0 11 24 5 8 14 7 5 20 17 0 8 20 14 8 25 25 5 2 5 
Time cost: 3.216810941696167s

Result: 11624
Status of facilities: 1 0 1 0 0 1 0 1 1 0 0 1 0 1 1 0 0 1 0 0 1 0 0 0 1 1 0 0 0 0 
The assignment of customers to facilities: 20 11 20 2 20 5 2 24 14 17 24 8 8 20 7 14 14 17 5 11 2 0 5 7 5 8 2 24 5 24 5 25 20 25 20 20 24 24 0 14 0 14 24 8 24 14 0 13 11 8 5 14 14 5 20 20 17 11 11 14 0 5 20 11 11 11 24 0 24 24 20 20 11 0 24 8 24 20 14 24 20 7 13 17 17 17 17 7 20 5 2 24 17 11 7 5 2 14 25 13 8 17 17 25 2 25 7 11 14 8 14 14 2 11 11 25 24 24 24 24 5 8 25 13 8 7 5 24 0 25 0 11 24 5 8 14 7 5 20 17 0 8 20 14 8 25 25 5 2 5 
Time cost: 3.1795244216918945s

Result: 11033
Status of facilities: 1 0 1 0 0 1 0 0 1 0 0 1 0 0 1 0 0 1 0 0 1 0 0 0 1 1 0 0 0 0 
The assignment of customers to facilities: 20 11 20 14 20 5 14 24 14 17 24 8 8 20 2 14 14 17 5 11 2 0 5 2 5 8 2 24 5 24 5 25 20 25 20 20 24 24 0 14 0 14 24 8 24 14 0 20 11 8 5 14 14 5 20 20 17 11 11 14 0 5 20 11 11 11 24 0 5 24 20 20 11 17 24 8 24 20 14 24 20 0 20 17 2 17 17 0 20 5 2 24 0 11 0 5 2 14 25 20 8 17 17 25 2 25 0 11 14 8 14 14 2 11 11 25 24 24 24 24 5 8 25 20 8 0 5 24 0 25 0 11 24 5 8 14 0 5 20 17 0 8 20 14 8 25 25 5 2 5 
Time cost: 3.176814556121826s

Result: 11367
Status of facilities: 1 0 1 0 0 1 0 1 1 0 0 1 0 0 1 0 0 1 0 0 1 0 0 0 1 1 0 0 0 0 
The assignment of customers to facilities: 20 11 20 14 20 5 2 24 14 17 24 8 8 20 7 14 14 17 5 11 2 0 5 17 5 8 2 24 5 24 5 25 20 25 20 20 24 24 7 14 0 14 24 8 24 14 7 20 11 8 5 14 14 5 20 20 17 11 0 14 0 5 20 11 11 11 24 0 24 24 20 20 11 17 24 8 24 20 14 24 20 7 20 0 2 17 2 7 20 5 2 24 17 11 7 24 2 14 25 20 8 17 17 25 2 25 7 11 14 8 14 14 2 11 11 25 24 24 24 24 5 8 25 20 8 0 5 24 0 25 0 11 24 5 8 14 7 5 20 17 0 8 20 14 8 25 25 5 2 5 
Time cost: 3.2188384532928467s

Result: 11632
Status of facilities: 1 0 1 0 0 1 0 1 1 0 0 1 0 1 1 0 0 1 0 0 1 0 0 0 1 1 0 0 0 0 
The assignment of customers to facilities: 20 11 20 14 20 5 2 24 14 17 24 8 8 20 7 14 14 17 5 11 2 0 5 7 5 8 2 24 5 24 5 25 20 25 20 20 24 24 0 14 0 14 24 8 24 14 0 20 11 8 5 14 14 5 20 20 17 11 0 14 0 5 20 11 11 11 24 0 5 24 20 20 11 17 24 8 24 20 14 24 20 7 20 17 17 17 17 7 20 5 2 24 17 11 7 24 2 2 25 13 8 17 14 25 2 25 7 11 14 8 14 14 2 11 11 25 24 24 24 24 5 8 25 13 8 0 5 24 0 25 0 11 24 25 8 14 7 5 20 17 0 8 20 14 8 25 25 5 2 5 
Time cost: 3.2324652671813965s

Result: 11325
Status of facilities: 1 0 1 0 0 1 0 1 1 0 0 1 0 0 1 0 0 1 0 0 1 0 0 0 1 1 0 0 0 0 
The assignment of customers to facilities: 20 11 20 14 20 5 2 24 14 17 24 8 8 20 7 14 14 17 5 11 2 0 5 7 5 8 2 24 5 24 5 25 20 25 20 20 24 24 0 14 0 14 24 8 24 14 0 20 11 8 5 14 14 5 20 20 17 11 11 14 0 5 20 11 11 11 24 0 5 24 20 20 11 17 24 8 24 20 14 24 20 7 20 17 2 17 2 7 20 5 2 24 17 11 17 24 14 2 25 20 8 7 17 25 2 25 7 11 14 8 14 14 2 11 11 25 24 24 24 24 5 8 25 20 8 0 5 24 0 25 0 11 24 5 8 14 7 5 20 17 0 8 20 14 8 25 25 5 2 5 
Time cost: 3.209796190261841s

Result: 11963
Status of facilities: 1 0 1 0 0 1 0 1 1 1 0 1 0 1 1 0 0 1 0 0 1 0 0 0 1 1 0 0 0 0 
The assignment of customers to facilities: 20 11 20 14 20 5 2 24 14 17 9 8 8 20 2 14 14 17 5 11 2 0 5 2 5 8 2 24 5 24 5 25 20 25 20 20 24 24 0 14 0 14 24 8 24 14 0 13 11 8 5 14 14 5 20 20 17 11 11 14 0 5 20 11 11 11 9 0 9 9 20 20 11 0 24 8 24 20 14 24 20 7 20 17 2 17 17 7 20 5 2 24 7 11 17 9 2 14 25 13 8 7 17 25 2 25 7 11 14 8 14 14 2 11 11 25 24 24 24 24 5 8 25 13 8 0 5 24 0 25 0 11 24 5 8 14 7 5 20 17 0 8 20 14 8 25 25 5 17 5 
Time cost: 3.212465763092041s

Result: 11328
Status of facilities: 1 0 1 0 0 1 0 1 1 0 0 1 0 0 1 0 0 1 0 0 1 0 0 0 1 1 0 0 0 0 
The assignment of customers to facilities: 20 11 20 14 20 5 2 24 14 17 24 8 8 20 2 14 14 17 5 11 14 0 5 17 5 8 2 24 5 24 5 25 20 25 20 20 24 24 0 14 0 14 24 8 24 14 0 20 11 8 5 14 14 5 20 20 17 25 0 14 0 5 20 11 11 11 24 0 5 24 20 20 11 17 24 8 24 20 14 24 20 7 20 17 2 17 17 7 20 5 2 24 17 11 7 5 2 14 25 20 8 17 14 25 2 25 7 11 14 8 14 14 2 11 11 11 24 24 24 24 5 8 25 20 8 0 5 24 0 25 0 11 24 5 8 14 7 5 20 17 0 8 20 14 8 25 25 5 2 5 
Time cost: 3.237570285797119s

Result: 11355
Status of facilities: 1 0 1 0 0 1 0 1 1 0 0 1 0 0 1 0 0 1 0 0 1 0 0 0 1 1 0 0 0 0 
The assignment of customers to facilities: 20 11 20 2 20 5 2 24 14 17 24 8 8 20 17 14 14 17 5 11 14 7 5 2 5 8 2 24 5 24 5 25 20 25 20 20 24 24 0 14 0 14 24 8 24 14 7 20 11 8 5 14 14 5 20 20 17 11 11 14 0 5 20 11 11 11 24 0 5 5 20 20 11 0 24 8 24 20 14 24 20 7 20 17 17 17 17 7 20 5 2 24 17 11 7 24 2 14 25 20 8 17 14 25 2 25 7 11 14 8 14 14 2 11 11 25 24 24 24 24 5 8 25 20 8 0 5 24 0 25 0 11 24 5 8 14 7 5 20 17 0 8 20 14 8 25 25 5 2 5 
Time cost: 3.2064998149871826s

Result: 11619
Status of facilities: 1 0 1 0 0 1 0 1 1 0 0 1 0 1 1 0 0 1 0 0 1 0 0 0 1 1 0 0 0 0 
The assignment of customers to facilities: 20 11 20 14 20 5 2 24 14 17 24 8 8 20 2 14 14 17 5 11 2 0 5 7 5 8 2 24 5 24 5 25 20 25 20 20 24 24 0 14 0 14 24 8 24 14 0 13 11 8 5 14 14 5 13 20 17 11 0 14 0 5 20 11 11 11 24 0 24 24 20 20 11 17 24 8 24 20 14 24 20 7 20 17 17 17 17 7 20 5 2 24 7 11 7 24 2 14 25 13 8 7 17 25 2 25 7 11 14 8 14 14 2 11 11 25 24 24 24 24 5 8 25 13 8 0 5 24 0 25 0 11 24 5 8 14 7 5 20 17 0 8 20 14 8 25 25 5 2 5 
Time cost: 3.230903148651123s

Result: 11325
Status of facilities: 1 0 1 0 0 1 0 1 1 0 0 1 0 0 1 0 0 1 0 0 1 0 0 0 1 1 0 0 0 0 
The assignment of customers to facilities: 20 11 20 14 20 5 2 24 14 17 24 8 8 20 2 14 14 17 5 11 2 0 5 17 5 8 2 24 5 24 5 25 20 25 20 20 24 24 0 14 0 14 24 8 24 14 7 20 11 8 5 14 14 5 20 20 17 11 0 14 0 5 20 11 11 11 24 0 5 24 20 20 11 17 24 8 24 20 14 24 20 7 20 17 7 17 17 7 20 5 2 24 7 11 7 5 2 7 25 20 8 7 17 25 2 25 7 11 14 8 14 14 2 11 11 25 24 24 24 24 5 8 25 20 8 0 5 24 0 25 0 11 24 5 8 14 7 5 20 17 0 8 20 14 8 25 25 5 2 5 
Time cost: 3.167752742767334s

Result: 11634
Status of facilities: 1 0 1 0 0 1 0 1 1 0 0 1 0 1 1 0 0 1 0 0 1 0 0 0 1 1 0 0 0 0 
The assignment of customers to facilities: 20 11 13 14 20 5 2 24 14 17 24 8 8 20 7 14 14 17 5 11 2 0 5 17 5 8 2 24 5 24 5 25 13 25 20 20 24 24 0 14 0 14 24 8 24 14 0 13 11 8 5 14 14 5 13 20 2 11 11 14 0 5 20 11 11 11 24 0 24 24 20 20 11 17 24 8 24 20 14 24 20 7 13 17 2 17 17 7 20 5 2 24 7 11 7 5 2 14 25 13 8 17 17 25 2 25 7 11 14 8 14 14 2 11 11 25 24 24 24 24 5 8 25 13 8 0 5 24 0 25 0 11 24 5 8 14 7 5 20 17 0 8 20 14 8 25 25 5 2 5 
Time cost: 3.1812198162078857s

Result: 11630
Status of facilities: 1 0 1 0 0 1 0 1 1 0 0 1 0 1 1 0 0 1 0 0 1 0 0 0 1 1 0 0 0 0 
The assignment of customers to facilities: 20 11 13 14 20 5 14 24 14 17 24 8 8 20 2 14 14 17 5 11 2 0 5 17 5 8 2 24 5 24 5 25 13 25 20 20 24 24 0 14 0 14 24 8 24 14 0 13 11 8 5 14 14 5 20 20 17 11 0 14 0 5 20 11 11 11 24 0 24 24 20 20 11 17 24 8 24 20 14 24 20 7 20 17 2 17 17 7 20 5 2 24 17 11 7 5 2 2 25 20 8 17 14 25 2 25 7 11 14 8 14 14 2 11 11 25 24 24 24 24 5 8 25 13 8 0 5 24 0 25 0 11 24 5 8 14 7 5 20 17 0 8 20 14 8 25 25 5 2 5 
Time cost: 3.1668410301208496s

Result: 11374
Status of facilities: 1 0 1 0 0 1 0 1 1 0 0 1 0 0 1 0 0 1 0 0 1 0 0 0 1 1 0 0 0 0 
The assignment of customers to facilities: 20 11 20 14 20 5 2 24 14 17 24 8 8 20 7 14 14 17 5 11 2 0 5 2 5 8 2 24 5 24 5 25 20 25 20 20 24 24 0 14 0 14 24 8 24 14 7 8 11 8 5 14 14 5 20 20 17 11 11 14 0 5 20 11 11 11 24 0 5 24 20 20 11 17 24 8 24 20 14 24 20 7 20 17 7 17 17 7 20 5 2 24 7 11 17 24 2 14 25 20 8 7 17 25 2 25 7 11 14 8 14 14 2 11 11 25 24 24 24 24 5 8 25 20 8 0 5 24 0 25 0 11 24 5 8 14 7 5 20 17 0 8 20 14 8 25 25 5 2 5 
Time cost: 3.2706503868103027s

Result: 11049
Status of facilities: 1 0 1 0 0 1 0 0 1 0 0 1 0 0 1 0 0 1 0 0 1 0 0 0 1 1 0 0 0 0 
The assignment of customers to facilities: 20 11 20 14 20 5 14 24 14 17 24 8 8 20 2 14 14 17 5 11 2 0 5 17 5 8 2 24 5 24 5 25 20 25 20 20 24 24 0 14 0 14 24 8 24 14 0 20 11 8 5 14 14 5 20 20 17 11 11 14 0 5 20 11 11 11 24 0 24 24 20 20 11 17 24 8 24 20 14 24 20 0 20 17 2 17 2 0 20 5 2 24 17 11 0 24 2 14 25 20 8 17 14 25 2 25 0 11 14 8 14 14 2 11 11 25 24 24 24 24 5 8 25 20 8 0 5 24 0 25 0 11 24 5 8 14 17 5 20 17 0 8 20 14 8 11 25 5 2 5 
Time cost: 3.2535414695739746s

Result: 11363
Status of facilities: 1 0 1 0 0 1 0 1 1 0 0 1 0 0 1 0 0 1 0 0 1 0 0 0 1 1 0 0 0 0 
The assignment of customers to facilities: 20 11 20 14 20 5 2 24 14 17 24 8 8 20 2 14 14 0 5 11 2 0 5 2 5 8 2 24 5 24 5 25 20 25 20 20 24 24 0 14 0 14 24 8 24 14 0 20 11 8 5 14 14 5 20 20 17 11 11 14 0 5 20 11 11 11 24 0 5 24 20 20 11 17 24 8 24 20 14 24 20 7 20 17 17 17 17 7 20 5 2 24 17 11 7 5 14 2 25 20 8 17 17 25 2 25 7 11 14 8 14 14 2 11 11 25 24 24 24 24 5 8 25 20 8 7 5 24 0 11 0 11 24 5 8 14 7 5 20 17 0 8 20 14 8 25 25 5 2 5 
Time cost: 3.1514461040496826s

Result: 11333
Status of facilities: 1 0 1 0 0 1 0 1 1 0 0 1 0 0 1 0 0 1 0 0 1 0 0 0 1 1 0 0 0 0 
The assignment of customers to facilities: 20 11 20 2 20 5 2 24 14 17 24 8 8 20 7 14 14 17 5 11 2 0 5 17 5 8 2 24 5 24 5 25 20 25 20 20 24 24 0 14 0 14 24 8 24 14 0 20 11 8 5 14 14 5 20 20 17 11 0 14 0 5 20 11 11 11 24 0 5 24 20 20 11 17 24 8 24 20 14 24 20 7 20 17 17 17 17 7 20 5 2 24 17 11 7 24 2 14 25 20 8 7 14 25 2 25 7 11 14 8 14 14 2 11 11 25 24 24 24 24 5 8 25 20 8 0 5 24 0 25 0 11 24 5 8 14 7 5 20 17 0 8 20 14 8 25 25 5 2 5 
Time cost: 3.169309139251709s

Result: 11311
Status of facilities: 1 0 1 0 0 1 0 1 1 0 0 1 0 0 1 0 0 1 0 0 1 0 0 0 1 1 0 0 0 0 
The assignment of customers to facilities: 20 11 20 14 20 5 2 24 14 17 24 8 8 20 7 14 14 17 5 11 2 0 5 7 5 8 2 24 5 24 5 25 20 25 20 20 24 24 0 14 0 14 24 8 24 14 7 20 11 8 5 14 14 5 20 20 17 11 11 14 0 5 20 11 11 11 24 0 5 24 20 20 11 17 24 8 24 20 14 24 20 7 20 17 2 17 17 7 20 5 2 24 17 11 7 24 2 14 25 20 8 7 17 25 2 25 7 11 14 8 14 14 2 11 11 25 24 24 24 24 5 8 25 20 8 0 5 24 0 25 0 11 24 5 8 14 7 5 20 17 0 8 20 14 8 25 25 5 2 5 
Time cost: 3.2015910148620605s

Result: 11677
Status of facilities: 1 0 1 0 0 1 0 1 1 0 0 1 0 1 1 0 0 1 0 0 1 0 0 0 1 1 0 0 0 0 
The assignment of customers to facilities: 20 11 20 14 20 5 2 24 14 17 24 8 8 20 7 14 14 17 5 11 2 0 5 7 5 8 2 24 5 24 5 25 20 25 20 20 24 24 0 14 0 14 24 8 24 14 7 13 11 8 5 14 14 5 13 20 17 11 0 14 0 5 20 11 11 11 24 0 24 24 20 20 11 17 24 8 24 20 14 24 20 7 13 0 2 17 17 7 20 5 2 24 7 11 17 5 2 0 25 13 8 17 17 25 2 25 7 11 14 8 14 14 2 11 11 25 24 24 24 24 5 8 25 13 8 0 5 24 0 25 0 11 24 5 8 14 7 5 20 17 0 8 20 14 8 25 25 5 2 5 
Time cost: 3.2476108074188232s

Result: 11668
Status of facilities: 1 0 1 0 0 1 0 1 1 0 0 1 0 1 1 0 0 1 0 0 1 0 0 0 1 1 0 0 0 0 
The assignment of customers to facilities: 20 11 13 14 20 5 14 24 14 17 24 8 8 20 7 14 14 0 5 11 2 7 5 17 5 8 2 24 5 24 5 25 20 25 20 20 24 24 0 14 0 14 24 8 24 14 7 13 11 8 5 14 14 5 20 20 17 11 11 14 0 5 20 11 11 11 24 0 5 24 20 20 11 17 24 8 24 20 14 24 20 7 13 17 2 17 2 7 20 5 2 24 17 11 7 24 2 2 25 13 8 7 17 25 2 25 17 11 14 8 14 14 2 11 11 25 24 24 24 24 5 8 25 13 8 0 5 24 0 25 0 11 24 5 8 14 7 5 20 17 0 8 20 14 8 25 25 5 2 5 
Time cost: 3.227431058883667s

Result: 11623
Status of facilities: 1 0 1 0 0 1 0 1 1 1 0 1 0 0 1 0 0 1 0 0 1 0 0 0 1 1 0 0 0 0 
The assignment of customers to facilities: 20 11 20 14 20 5 14 24 14 17 24 8 8 20 2 14 14 17 5 11 2 0 5 2 5 8 2 24 5 24 5 25 20 25 20 20 24 24 11 14 0 14 24 8 24 14 7 20 11 8 5 14 14 5 20 20 17 11 11 14 0 5 20 11 11 11 9 0 5 9 20 20 11 17 24 8 9 20 14 24 20 7 20 17 17 17 2 7 20 5 2 24 17 11 7 24 2 14 25 20 8 7 17 25 2 25 7 11 14 8 14 14 2 11 11 25 24 24 24 24 5 8 25 20 8 0 5 24 0 25 0 11 24 5 8 14 7 5 20 17 0 8 20 14 8 25 25 5 2 5 
Time cost: 3.186300039291382s

Result: 11314
Status of facilities: 1 0 1 0 0 1 0 1 1 0 0 1 0 0 1 0 0 1 0 0 1 0 0 0 1 1 0 0 0 0 
The assignment of customers to facilities: 20 11 20 14 20 5 2 24 14 17 24 8 8 20 7 14 14 17 5 11 2 0 5 17 5 8 2 24 5 24 5 25 20 25 20 20 24 24 0 14 0 14 24 8 24 14 0 20 11 8 5 14 14 5 20 20 17 11 0 14 0 5 20 11 11 11 24 0 5 24 20 20 11 17 24 8 24 20 14 24 20 7 20 17 2 17 2 0 20 5 2 24 7 11 7 5 2 14 25 20 8 17 17 25 2 25 7 11 14 8 14 14 2 11 11 25 24 24 24 24 5 8 25 20 8 0 5 24 0 25 0 11 24 5 8 14 7 5 20 17 0 8 20 14 8 25 25 5 2 5 
Time cost: 3.269137382507324s

