Begin: 75398

Result: 13042
Status of facilities: 1 0 1 0 0 1 0 0 1 0 0 1 0 0 1 0 0 1 0 0 1 0 0 0 1 1 0 0 0 0 
The assignment of customers to facilities: 20 11 20 14 20 5 14 24 14 17 24 8 8 20 2 14 14 17 5 11 2 0 5 17 5 8 2 24 5 24 5 25 20 25 20 20 24 24 0 14 0 14 24 8 24 14 0 20 11 8 5 14 14 5 20 20 17 11 11 14 0 5 20 11 11 11 24 0 5 24 20 20 11 0 24 8 24 20 14 24 20 0 20 17 2 17 2 0 20 5 2 24 17 11 0 5 2 14 25 8 8 17 17 25 2 25 17 11 14 8 14 14 2 11 11 25 24 24 24 24 5 8 25 20 8 0 5 24 0 25 0 11 24 5 8 14 0 5 20 17 0 8 20 14 8 25 25 5 2 5 
Time cost: 3.3023364543914795s

Result: 13546
Status of facilities: 1 0 1 0 0 1 0 1 1 0 0 1 0 0 1 0 0 1 0 0 1 0 0 0 1 1 0 0 0 0 
The assignment of customers to facilities: 20 11 20 14 20 5 2 24 14 17 24 8 8 20 7 14 14 17 5 11 2 0 5 2 5 8 17 24 5 24 5 25 20 25 20 20 24 24 0 14 0 14 24 8 24 14 7 20 11 8 5 14 14 5 20 20 17 11 0 14 0 5 20 11 11 11 24 0 5 24 20 20 11 17 24 8 24 20 14 24 20 7 20 17 2 17 17 7 20 5 2 24 17 11 7 24 2 14 25 20 8 17 14 25 2 25 7 11 14 8 14 14 2 11 11 25 24 24 24 24 5 8 25 20 8 0 5 24 0 25 0 11 24 5 8 14 7 5 20 17 0 8 20 14 8 11 25 5 2 5 
Time cost: 3.2765238285064697s

Result: 13520
Status of facilities: 1 0 1 0 0 1 0 1 1 0 0 1 0 0 1 0 0 1 0 0 1 0 0 0 1 1 0 0 0 0 
The assignment of customers to facilities: 20 11 20 14 20 5 2 24 14 17 24 8 8 20 17 14 14 17 5 11 2 0 5 7 5 8 2 24 5 24 5 25 20 25 20 20 24 24 0 14 0 14 24 8 24 14 0 20 11 8 5 14 14 5 20 20 17 11 0 14 0 5 20 11 11 11 24 0 24 24 20 20 11 17 24 8 24 20 14 24 20 7 20 17 2 17 17 7 20 5 2 24 7 11 7 24 2 14 25 20 8 7 17 25 2 25 7 11 14 8 14 14 2 11 11 25 24 24 24 24 5 8 25 20 8 0 5 24 0 25 0 11 24 5 8 14 7 5 20 17 0 8 20 14 8 25 25 5 2 5 
Time cost: 3.3440768718719482s

Result: 13541
Status of facilities: 1 0 1 0 0 1 0 0 1 0 0 1 0 1 1 0 0 1 0 0 1 0 0 0 1 1 0 0 0 0 
The assignment of customers to facilities: 20 11 20 2 20 5 2 24 14 17 24 8 8 20 2 14 14 17 5 11 14 0 5 17 5 8 2 24 5 24 5 25 20 25 20 20 24 24 0 14 0 14 24 8 24 14 0 13 11 8 5 14 14 5 20 20 17 11 0 14 0 5 20 11 11 11 24 0 5 24 20 20 11 0 24 8 24 20 14 24 20 0 13 17 17 17 17 0 20 5 2 24 17 11 0 5 2 14 25 13 8 0 17 25 2 25 0 11 14 8 14 14 2 11 11 11 24 24 24 24 5 8 25 13 8 0 5 24 0 25 0 11 24 5 8 14 0 5 20 17 0 8 20 14 8 25 25 5 2 5 
Time cost: 3.21718430519104s

Result: 13050
Status of facilities: 1 0 1 0 0 1 0 0 1 0 0 1 0 0 1 0 0 1 0 0 1 0 0 0 1 1 0 0 0 0 
The assignment of customers to facilities: 20 11 20 14 20 5 14 24 14 17 24 8 8 20 2 14 14 17 5 11 2 0 5 0 5 8 2 24 5 24 5 25 20 25 20 20 24 24 0 14 0 14 24 8 24 14 0 20 11 8 5 14 14 5 20 20 17 11 11 14 0 5 20 11 11 11 24 0 5 24 20 20 11 17 24 8 24 20 14 24 20 0 20 17 2 17 17 0 20 5 2 24 17 11 0 24 2 2 25 20 8 17 14 25 2 25 0 11 14 8 14 14 2 11 11 25 24 24 24 24 5 8 25 20 8 0 5 24 0 25 0 11 24 5 8 14 17 5 20 17 0 8 20 14 8 25 25 5 2 5 
Time cost: 3.2715656757354736s

Result: 13525
Status of facilities: 1 0 1 0 0 1 0 1 1 0 0 1 0 0 1 0 0 1 0 0 1 0 0 0 1 1 0 0 0 0 
The assignment of customers to facilities: 20 11 20 14 20 5 2 24 14 17 24 8 8 20 7 14 14 17 5 11 2 0 5 2 5 8 2 24 5 24 5 25 20 25 20 20 24 24 0 14 0 14 24 8 24 14 7 20 11 8 5 14 14 5 20 20 17 11 0 14 0 5 20 11 11 11 24 0 5 24 20 20 11 0 24 8 24 20 14 24 20 7 20 17 17 17 17 7 20 5 2 24 17 11 7 24 2 14 25 20 8 17 17 25 2 25 7 11 14 8 14 14 2 11 11 11 24 24 24 24 5 8 25 20 8 0 5 24 0 25 0 11 24 5 8 14 7 5 20 17 0 8 20 14 8 25 25 5 2 5 
Time cost: 3.215646505355835s

Result: 13585
Status of facilities: 1 0 1 0 0 1 0 1 1 0 0 1 0 0 1 0 0 1 0 0 1 0 0 0 1 1 0 0 0 0 
The assignment of customers to facilities: 20 11 20 14 20 5 2 24 14 17 24 8 8 20 7 14 14 17 5 11 2 0 5 17 5 8 2 24 5 24 5 25 20 25 20 20 24 24 0 14 0 14 24 8 24 14 0 20 11 8 5 14 14 5 20 20 17 11 0 14 0 5 20 11 11 11 24 0 24 24 20 20 11 0 24 8 24 20 14 24 20 7 20 0 17 17 17 7 20 5 2 24 17 11 7 24 2 2 25 20 8 17 17 25 2 25 7 11 14 8 14 14 2 11 11 25 24 24 24 24 5 8 25 20 8 0 5 24 0 25 0 11 24 5 8 14 7 5 20 17 0 8 20 14 8 25 25 5 2 5 
Time cost: 3.2591376304626465s

Result: 13520
Status of facilities: 1 0 1 0 0 1 0 1 1 0 0 1 0 0 1 0 0 1 0 0 1 0 0 0 1 1 0 0 0 0 
The assignment of customers to facilities: 20 11 20 14 20 5 2 24 14 17 24 8 8 20 17 14 14 17 5 11 2 0 5 7 5 8 2 24 5 24 5 25 20 25 20 20 24 24 0 14 0 14 24 8 24 14 0 20 11 8 5 14 14 5 20 20 17 11 0 14 0 5 20 11 11 11 24 0 5 24 20 20 11 17 24 8 24 20 14 24 20 7 20 17 2 17 17 7 20 5 2 24 7 11 7 5 2 14 25 20 8 7 17 25 2 25 7 11 14 8 14 14 2 11 11 25 24 24 24 24 5 8 25 20 8 0 5 24 0 25 0 11 24 5 8 14 7 5 20 17 0 8 20 14 8 25 25 5 2 5 
Time cost: 3.1955881118774414s

Result: 14029
Status of facilities: 1 0 1 0 0 1 0 1 1 0 0 1 0 1 1 0 0 1 0 0 1 0 0 0 1 1 0 0 0 0 
The assignment of customers to facilities: 20 11 13 14 20 5 2 24 14 17 24 8 8 20 2 14 14 17 5 11 2 0 5 17 5 8 2 24 5 24 5 25 20 25 20 20 24 24 0 14 0 14 24 8 24 14 0 13 11 8 5 14 14 5 13 20 17 11 11 14 0 5 20 11 11 11 24 0 5 5 20 20 11 0 24 8 24 20 14 24 20 7 20 17 17 17 17 7 20 5 2 24 7 11 7 24 2 14 25 20 8 17 17 25 2 25 7 11 14 8 14 14 2 11 11 25 24 24 24 24 5 8 25 13 8 0 5 24 0 25 0 11 24 5 8 14 7 5 20 17 0 8 20 14 8 25 25 5 2 5 
Time cost: 3.2300832271575928s

Result: 13523
Status of facilities: 1 0 1 0 0 1 0 1 1 0 0 1 0 0 1 0 0 1 0 0 1 0 0 0 1 1 0 0 0 0 
The assignment of customers to facilities: 20 11 20 2 20 5 2 24 14 17 24 8 8 20 7 14 14 17 5 11 14 0 5 7 5 8 2 24 5 24 5 25 20 25 20 20 24 24 0 14 0 14 24 8 24 14 7 20 11 8 5 14 14 5 20 20 17 11 0 14 0 5 20 11 11 11 24 0 5 24 20 20 11 17 24 8 24 20 14 24 20 7 20 17 2 17 17 7 20 5 2 24 7 11 17 24 2 14 25 20 8 7 17 25 2 25 7 11 14 8 14 14 2 11 11 25 24 24 24 24 5 8 25 20 8 0 5 24 0 25 0 11 24 5 8 14 7 5 20 17 0 8 20 14 8 25 25 5 2 5 
Time cost: 3.318603277206421s

Result: 13532
Status of facilities: 1 0 1 0 0 1 0 1 1 0 0 1 0 0 1 0 0 1 0 0 1 0 0 0 1 1 0 0 0 0 
The assignment of customers to facilities: 20 11 20 2 20 5 2 24 14 17 24 8 8 20 7 14 14 17 5 11 2 0 5 17 5 8 2 24 5 24 5 25 20 25 20 20 24 24 0 14 0 14 24 8 24 14 7 20 11 8 5 14 14 5 20 20 17 11 11 14 0 5 20 11 11 11 24 0 5 24 20 20 11 0 24 8 24 20 14 24 20 7 20 17 17 17 17 7 20 5 2 24 7 11 7 24 2 14 25 20 8 17 17 25 2 25 7 11 14 8 14 14 2 11 11 25 24 24 24 24 5 8 25 20 8 0 5 24 0 25 0 11 24 5 8 14 7 5 20 17 0 8 20 14 8 25 25 5 2 5 
Time cost: 3.207313299179077s

Result: 13536
Status of facilities: 1 0 1 0 0 1 0 1 1 0 0 1 0 0 1 0 0 1 0 0 1 0 0 0 1 1 0 0 0 0 
The assignment of customers to facilities: 20 11 20 14 20 5 14 24 14 17 24 8 8 20 2 14 14 17 5 11 2 0 5 17 5 8 2 24 5 24 5 25 20 25 20 20 24 24 0 14 0 14 24 8 24 14 0 20 11 8 5 14 14 5 20 20 17 11 0 14 0 5 20 11 11 11 24 0 5 24 20 20 11 17 24 8 24 20 14 24 20 7 20 17 17 17 2 7 20 5 2 24 17 11 7 24 2 2 25 20 8 17 14 25 2 25 7 11 14 8 14 14 2 11 11 25 24 24 24 24 5 8 25 20 8 0 5 24 0 25 0 11 24 5 8 14 7 5 20 17 0 8 20 14 8 25 25 5 2 5 
Time cost: 3.196096658706665s

Result: 13539
Status of facilities: 1 0 1 0 0 1 0 1 1 0 0 1 0 0 1 0 0 1 0 0 1 0 0 0 1 1 0 0 0 0 
The assignment of customers to facilities: 20 11 20 14 20 5 2 24 14 17 24 20 8 20 7 14 14 17 5 11 2 0 5 17 5 8 2 24 5 24 5 25 20 25 20 20 24 24 0 14 0 14 24 8 24 14 0 20 11 8 5 14 14 5 20 20 17 11 0 14 0 5 20 11 11 11 24 0 24 24 20 20 11 17 24 8 24 20 14 24 20 7 20 17 17 17 17 7 20 5 2 24 7 11 7 24 2 2 25 20 8 17 14 25 2 25 7 11 14 8 14 14 2 11 11 25 24 24 24 24 5 8 25 20 8 0 5 24 0 25 0 11 24 5 8 14 7 5 20 17 0 8 20 14 8 25 25 5 2 5 
Time cost: 3.1892027854919434s

Result: 14012
Status of facilities: 1 0 1 0 0 1 0 1 1 0 0 1 0 1 1 0 0 1 0 0 1 0 0 0 1 1 0 0 0 0 
The assignment of customers to facilities: 20 11 13 14 20 5 14 24 14 17 24 8 8 20 2 14 14 17 5 11 2 0 5 7 5 8 2 24 5 24 5 25 20 25 20 20 24 24 0 14 0 14 24 8 24 14 7 13 11 8 5 14 14 5 13 20 17 11 0 14 0 5 20 11 11 11 24 0 24 24 20 20 11 17 24 8 24 20 14 24 20 7 20 17 2 17 2 7 20 5 2 24 17 11 7 5 2 14 25 20 8 17 17 25 2 25 7 11 14 8 14 14 2 11 11 25 24 24 24 24 5 8 25 13 8 0 5 24 0 25 0 11 24 5 8 14 7 5 20 17 0 8 20 14 8 25 25 5 2 5 
Time cost: 3.1883504390716553s

Result: 13528
Status of facilities: 1 0 1 0 0 1 0 1 1 0 0 1 0 0 1 0 0 1 0 0 1 0 0 0 1 1 0 0 0 0 
The assignment of customers to facilities: 20 11 20 14 20 5 2 24 14 17 24 8 8 20 2 14 14 17 5 11 2 0 5 7 5 8 2 24 5 24 5 25 20 25 20 20 24 24 0 14 0 14 24 8 24 14 7 20 11 8 5 14 14 5 20 20 17 11 0 14 0 5 20 11 11 11 24 0 24 24 20 20 11 17 24 8 24 20 14 24 20 7 20 17 17 17 17 7 20 5 2 24 17 11 7 5 2 14 25 20 8 17 14 25 2 25 7 11 14 8 14 14 2 11 11 25 24 24 24 24 5 8 25 20 8 0 5 24 0 25 0 11 24 5 8 14 7 5 20 17 0 8 20 14 8 25 25 5 2 5 
Time cost: 3.2170650959014893s

Result: 14047
Status of facilities: 1 0 1 0 0 1 0 1 1 0 0 1 0 1 1 0 0 1 0 0 1 0 0 0 1 1 0 0 0 0 
The assignment of customers to facilities: 20 11 13 14 20 5 2 24 14 17 24 8 8 20 7 14 14 0 5 11 2 0 5 2 5 8 2 24 5 24 5 25 13 25 20 20 24 24 0 14 0 14 24 8 24 14 0 13 11 8 5 14 14 5 13 20 17 11 0 14 0 5 20 11 11 11 24 0 5 24 20 20 11 17 24 8 24 20 14 24 20 7 13 17 17 17 17 7 20 5 2 24 17 11 7 24 2 14 25 20 8 17 17 25 2 25 7 11 14 8 14 14 2 11 11 25 24 24 24 24 5 8 25 13 8 0 5 24 0 25 0 11 24 5 8 14 7 5 20 17 0 8 20 14 8 25 25 5 2 5 
Time cost: 3.2780814170837402s

Result: 14019
Status of facilities: 1 0 1 0 0 1 0 1 1 0 0 1 0 1 1 0 0 1 0 0 1 0 0 0 1 1 0 0 0 0 
The assignment of customers to facilities: 20 11 13 14 20 5 14 24 14 17 24 8 8 20 2 14 14 17 5 11 2 0 5 2 5 8 2 24 5 24 5 25 13 25 20 20 24 24 0 14 0 14 24 8 24 14 7 13 11 8 5 14 14 5 20 20 17 11 0 14 0 5 20 11 11 11 24 0 5 24 20 20 11 17 24 8 24 20 14 24 20 7 13 17 17 17 2 7 20 5 2 24 17 11 7 5 2 14 25 13 8 7 17 25 2 25 7 11 14 8 14 14 2 11 11 25 24 24 24 24 5 8 25 13 8 0 5 24 0 25 0 11 24 5 8 14 7 5 20 17 0 8 20 14 8 25 25 5 2 5 
Time cost: 3.227363348007202s

Result: 14030
Status of facilities: 1 0 1 0 0 1 0 1 1 0 0 1 0 1 1 0 0 1 0 0 1 0 0 0 1 1 0 0 0 0 
The assignment of customers to facilities: 20 11 20 14 20 5 2 24 14 17 24 8 8 20 17 14 14 17 5 11 2 0 5 7 5 8 2 24 5 24 5 25 20 25 20 20 24 24 0 14 0 14 24 8 24 14 0 13 11 8 5 14 14 5 20 20 17 11 0 14 0 5 20 11 11 11 24 0 24 24 20 20 11 17 24 8 24 20 14 24 20 7 13 17 2 17 2 7 20 5 2 24 17 11 7 24 2 14 25 20 8 17 14 25 2 25 7 11 14 8 14 14 2 11 11 25 24 24 24 24 5 8 25 13 8 0 5 24 0 25 0 11 24 5 8 14 7 5 20 17 0 8 20 14 8 25 25 5 2 5 
Time cost: 3.241612434387207s

Result: 13522
Status of facilities: 1 0 1 0 0 1 0 1 1 0 0 1 0 0 1 0 0 1 0 0 1 0 0 0 1 1 0 0 0 0 
The assignment of customers to facilities: 20 11 20 14 20 5 2 24 14 17 24 8 8 20 2 14 14 17 5 11 2 0 5 17 5 8 2 24 5 24 5 25 20 25 20 20 24 24 0 14 0 14 24 8 24 14 7 20 11 8 5 14 14 5 20 20 17 11 0 14 0 5 20 11 11 11 24 0 5 24 20 20 11 17 24 8 24 20 14 24 20 7 20 17 2 17 2 7 20 5 2 24 17 11 7 5 14 14 25 20 8 7 17 25 2 25 7 11 14 8 14 14 2 11 11 11 24 24 24 24 5 8 25 20 8 0 5 24 0 25 0 11 24 5 8 14 7 5 20 17 0 8 20 14 8 25 25 5 2 5 
Time cost: 3.2431843280792236s

Result: 13098
Status of facilities: 1 0 1 0 0 1 0 0 1 0 0 1 0 0 1 0 0 1 0 0 1 0 0 0 1 1 0 0 0 0 
The assignment of customers to facilities: 20 11 20 14 20 5 2 24 14 0 24 8 8 20 17 14 14 17 5 11 14 0 5 2 5 8 2 24 5 24 5 25 20 25 20 20 24 24 0 14 0 14 24 8 24 14 0 20 11 8 25 14 14 5 20 20 17 11 0 14 0 5 20 11 11 11 24 0 5 24 20 20 11 0 24 8 24 20 14 24 20 0 20 17 2 17 17 0 20 5 2 24 17 11 17 5 2 2 25 20 8 0 17 25 2 25 0 11 14 8 14 14 2 11 11 25 24 24 24 24 5 8 25 20 8 0 5 24 0 25 0 11 24 5 8 14 0 5 20 17 0 8 20 14 8 25 25 5 2 5 
Time cost: 3.225816011428833s

Result: 14025
Status of facilities: 1 0 1 0 0 1 0 1 1 0 0 1 0 1 1 0 0 1 0 0 1 0 0 0 1 1 0 0 0 0 
The assignment of customers to facilities: 20 11 13 14 13 5 2 24 14 17 24 8 8 20 2 14 14 17 5 11 2 0 5 7 24 8 2 24 5 24 5 25 13 25 20 20 24 24 0 14 0 14 24 8 24 14 0 13 11 8 5 14 14 5 13 20 17 11 11 14 0 5 20 11 11 11 24 0 24 24 20 20 11 17 24 8 24 20 14 24 20 7 20 17 2 17 2 7 20 5 2 24 17 11 17 24 14 14 25 13 8 7 17 25 2 25 7 11 14 8 14 14 2 11 11 25 24 24 24 24 5 8 25 13 8 0 5 24 0 25 0 11 24 5 8 14 7 5 20 17 0 8 20 14 8 25 25 5 2 5 
Time cost: 3.279782295227051s

Result: 13055
Status of facilities: 1 0 1 0 0 1 0 0 1 0 0 1 0 0 1 0 0 1 0 0 1 0 0 0 1 1 0 0 0 0 
The assignment of customers to facilities: 20 11 20 14 20 5 14 24 14 17 24 8 8 20 2 14 14 17 5 11 2 0 5 2 5 8 2 24 5 24 5 25 20 25 20 20 24 24 0 14 0 14 24 8 24 14 0 20 11 8 5 14 14 5 20 20 17 11 11 14 0 5 20 11 11 11 24 0 24 24 20 20 11 0 24 8 24 20 14 24 20 0 20 17 17 17 17 0 20 5 2 24 0 11 0 24 2 2 25 20 8 17 17 25 2 25 0 11 14 8 14 14 2 11 11 25 24 24 24 24 5 8 25 20 8 0 5 24 0 25 0 11 24 5 8 14 17 5 20 17 0 8 20 14 8 25 25 5 2 5 
Time cost: 3.4524528980255127s

Result: 13524
Status of facilities: 1 0 1 0 0 1 0 1 1 0 0 1 0 0 1 0 0 1 0 0 1 0 0 0 1 1 0 0 0 0 
The assignment of customers to facilities: 20 11 20 14 20 5 2 24 14 17 24 8 8 20 2 14 14 17 5 11 2 0 5 7 5 8 2 24 5 24 5 25 20 25 20 20 24 24 0 14 0 14 24 8 24 14 0 20 11 8 5 14 14 5 20 20 17 11 0 14 0 5 20 11 11 11 24 0 24 24 20 20 11 0 24 8 24 20 14 24 20 7 20 17 17 17 17 7 20 5 2 24 17 11 7 5 2 14 25 20 8 17 17 25 2 25 7 11 14 8 14 14 2 11 11 25 24 24 24 24 5 8 25 20 8 7 5 24 0 25 0 11 24 5 8 14 7 5 20 17 0 8 20 14 8 25 25 5 2 5 
Time cost: 3.27960205078125s

Result: 13522
Status of facilities: 1 0 1 0 0 1 0 1 1 0 0 1 0 0 1 0 0 1 0 0 1 0 0 0 1 1 0 0 0 0 
The assignment of customers to facilities: 20 11 20 14 20 5 2 24 14 17 24 8 8 20 7 14 14 17 5 11 14 0 5 2 5 8 2 24 5 24 5 25 20 25 20 20 24 24 0 14 0 14 24 8 24 14 7 20 11 8 5 14 14 5 20 20 17 11 11 14 0 5 20 11 11 11 24 0 24 24 20 20 11 17 24 8 24 20 14 24 20 7 20 17 2 17 17 7 20 5 2 24 7 11 17 24 2 2 25 8 8 7 17 25 2 25 7 11 14 8 14 14 2 11 11 25 24 24 24 24 5 8 25 20 8 0 5 24 0 25 0 11 24 5 8 14 7 5 20 17 0 8 20 14 8 25 25 5 2 5 
Time cost: 3.303162097930908s

Result: 14047
Status of facilities: 1 0 1 0 0 1 0 1 1 0 0 1 0 1 1 0 0 1 0 0 1 0 0 0 1 1 0 0 0 0 
The assignment of customers to facilities: 20 11 13 2 20 5 2 24 14 17 24 8 8 20 2 14 14 17 5 11 14 0 5 7 5 8 2 24 5 24 5 25 13 25 20 20 24 24 0 14 0 14 24 8 24 14 7 13 11 8 5 14 14 5 13 20 17 11 0 14 0 5 20 11 11 11 24 0 5 24 20 20 11 17 24 8 24 20 14 24 20 7 13 17 17 17 0 7 20 5 2 24 7 11 7 24 2 14 25 13 8 17 17 25 2 25 7 11 14 8 14 14 2 11 11 25 24 24 24 24 5 8 25 13 8 0 5 24 0 11 0 11 24 5 8 14 7 5 20 17 0 8 20 14 8 25 25 5 2 5 
Time cost: 3.25016713142395s

Result: 13041
Status of facilities: 1 0 1 0 0 1 0 0 1 0 0 1 0 0 1 0 0 1 0 0 1 0 0 0 1 1 0 0 0 0 
The assignment of customers to facilities: 20 11 20 14 20 5 2 24 14 17 24 8 8 20 0 14 14 17 5 11 14 0 5 2 5 8 2 24 5 24 5 25 20 25 20 20 24 24 0 14 0 14 24 8 24 14 0 20 11 8 5 14 14 5 20 20 17 11 0 14 0 5 20 11 11 11 24 0 5 24 20 20 11 0 24 8 24 20 14 24 20 0 20 17 17 17 17 0 20 5 2 24 17 11 0 5 2 2 25 20 8 17 17 25 2 25 0 11 14 8 14 14 2 11 11 25 24 24 24 24 5 8 25 20 8 0 5 24 0 25 0 11 24 5 8 14 0 5 20 17 0 8 20 14 8 25 25 5 2 5 
Time cost: 3.2794647216796875s

Result: 14032
Status of facilities: 1 0 1 0 0 1 0 1 1 0 0 1 0 1 1 0 0 1 0 0 1 0 0 0 1 1 0 0 0 0 
The assignment of customers to facilities: 20 11 13 2 20 5 2 24 14 17 24 8 8 20 7 14 14 17 5 11 2 0 5 17 5 8 2 24 5 24 5 25 20 25 20 20 24 24 0 14 0 14 24 8 24 14 0 13 11 8 25 14 14 5 13 20 17 11 11 14 0 5 20 11 11 11 24 0 24 24 20 20 11 17 24 8 24 20 14 24 20 7 13 17 17 17 17 7 20 5 2 24 17 11 7 5 2 14 25 20 8 7 14 25 2 25 7 11 14 8 14 14 2 11 11 25 24 24 24 24 5 8 25 13 8 0 5 24 0 25 0 11 24 5 8 14 7 5 20 17 0 8 20 14 8 25 25 5 2 5 
Time cost: 3.233146905899048s

Result: 13539
Status of facilities: 1 0 1 0 0 1 0 1 1 0 0 1 0 0 1 0 0 1 0 0 1 0 0 0 1 1 0 0 0 0 
The assignment of customers to facilities: 20 11 20 14 20 5 2 24 14 17 24 8 8 20 17 14 14 17 5 11 2 0 5 2 5 8 2 24 5 24 5 25 20 25 20 20 24 24 0 14 0 14 24 8 24 14 7 20 11 8 5 14 14 5 20 20 17 11 11 14 0 5 20 11 11 11 24 0 5 24 20 20 11 0 24 8 24 20 14 24 20 7 20 17 7 17 17 7 20 5 2 24 17 11 7 5 2 14 25 20 8 7 17 25 2 25 7 11 14 8 14 14 2 11 11 25 24 24 24 24 5 8 25 20 8 0 5 24 0 25 0 11 24 5 8 14 7 5 20 17 0 8 20 14 8 25 25 5 2 5 
Time cost: 3.1773245334625244s

Result: 14030
Status of facilities: 1 0 1 0 0 1 0 1 1 0 0 1 0 1 1 0 0 1 0 0 1 0 0 0 1 1 0 0 0 0 
The assignment of customers to facilities: 20 11 20 14 20 5 2 24 14 17 24 8 8 20 7 14 14 17 5 11 2 7 5 17 5 8 2 24 5 24 5 25 13 25 20 20 24 24 0 14 0 14 24 8 24 14 0 20 11 8 5 14 14 5 20 20 17 11 0 14 0 5 20 11 11 11 24 0 5 24 20 20 11 17 24 8 24 20 14 24 20 7 13 17 2 17 2 7 20 5 2 24 17 11 7 5 2 14 25 13 8 17 14 25 2 25 17 11 14 8 14 14 2 11 11 25 24 24 24 24 5 8 25 13 8 7 5 24 0 25 0 11 24 5 8 14 7 5 20 17 0 8 20 14 8 25 25 5 2 5 
Time cost: 3.1737637519836426s

Result: 13544
Status of facilities: 1 0 1 0 0 1 0 1 1 0 0 1 0 0 1 0 0 1 0 0 1 0 0 0 1 1 0 0 0 0 
The assignment of customers to facilities: 20 11 20 2 20 5 14 24 14 17 24 8 8 20 17 14 14 17 5 11 2 0 5 7 5 8 2 24 5 24 5 25 20 25 20 20 24 24 7 14 0 14 24 8 24 14 0 20 11 8 5 14 14 5 20 20 17 11 11 14 0 5 20 11 11 11 24 0 5 24 20 20 11 0 24 8 24 20 14 24 20 7 20 17 2 17 2 7 20 5 2 24 17 11 17 24 2 14 25 20 8 7 17 25 2 25 7 11 14 8 14 14 2 11 11 25 24 24 24 24 5 8 25 20 8 7 5 24 0 25 0 11 24 5 8 14 7 5 20 17 0 8 20 14 8 25 25 5 2 5 
Time cost: 3.1695737838745117s

