Begin: 88537

Result: 13413
Status of facilities: 1 0 1 0 0 1 0 1 1 0 0 1 0 1 1 1 0 1 0 0 1 0 0 0 1 1 0 0 0 0 
The assignment of customers to facilities: 20 11 13 2 20 5 2 24 14 17 5 8 8 20 17 14 14 17 5 11 2 0 5 17 24 8 2 24 5 15 5 25 13 25 20 20 24 15 0 14 0 14 15 8 24 14 0 13 11 8 25 14 14 5 13 20 17 11 11 14 0 5 20 11 11 11 24 0 5 24 20 20 11 17 24 8 15 20 14 24 20 7 13 17 17 17 17 7 20 5 2 24 17 11 17 5 2 2 25 13 8 17 17 25 2 25 7 11 14 8 14 2 2 11 11 25 24 15 24 24 5 8 25 13 8 7 5 15 0 25 0 11 24 25 8 14 7 5 20 17 0 8 20 14 8 25 25 5 2 5 
Time cost: 3.3147799968719482s

Result: 13820
Status of facilities: 1 0 1 0 0 1 0 1 1 0 0 1 0 1 1 1 0 1 0 0 1 0 0 0 1 1 0 0 0 1 
The assignment of customers to facilities: 20 11 13 2 20 5 2 24 14 17 29 8 8 20 17 14 14 17 25 11 2 0 5 17 5 8 2 24 5 24 29 25 13 25 20 20 24 15 0 14 0 14 15 8 24 14 0 13 11 8 29 2 14 5 13 20 17 11 0 14 0 5 20 11 11 11 24 0 5 24 20 20 11 17 24 8 15 20 14 5 20 7 13 17 2 17 17 0 20 5 2 24 17 11 17 5 2 2 25 13 8 17 17 25 2 29 17 11 14 8 14 14 2 11 11 25 24 15 24 24 5 8 25 13 8 0 5 24 0 25 0 11 24 29 8 14 7 5 20 17 0 8 20 14 8 25 25 5 2 5 
Time cost: 3.324169635772705s

Result: 13548
Status of facilities: 1 0 1 0 0 1 0 0 1 1 0 1 0 0 1 0 0 1 0 0 1 0 0 0 1 1 0 0 1 0 
The assignment of customers to facilities: 20 11 8 2 20 5 2 9 14 17 9 8 28 8 2 14 14 17 5 11 2 0 5 17 9 8 2 24 5 24 5 25 8 25 20 8 24 24 0 14 0 14 24 28 24 14 0 8 11 8 5 28 14 5 20 20 17 11 11 14 0 5 20 11 11 11 24 0 9 9 8 20 11 17 24 8 9 20 14 9 20 0 20 17 17 17 17 0 20 5 2 24 17 11 17 9 2 2 25 8 28 17 17 25 2 25 17 11 14 28 14 14 2 11 11 25 24 24 24 24 5 8 25 20 20 0 5 9 0 25 0 11 24 5 28 14 0 5 20 17 0 8 20 14 8 25 25 5 2 5 
Time cost: 3.3906729221343994s

Result: 13422
Status of facilities: 1 0 1 0 0 1 0 1 1 0 0 1 0 1 1 1 0 1 0 0 1 0 0 0 1 1 0 0 0 0 
The assignment of customers to facilities: 20 11 13 2 20 5 2 24 14 17 24 8 8 20 17 14 14 17 5 11 2 0 5 17 5 8 2 24 5 24 25 25 13 25 20 20 24 15 0 14 0 14 15 8 24 14 0 13 11 8 25 14 14 5 13 20 17 11 11 14 0 5 20 11 11 11 5 0 25 24 20 20 11 17 24 8 15 20 14 24 20 7 13 17 2 17 17 7 20 5 2 24 17 11 17 5 2 2 25 13 8 17 17 25 2 25 7 11 14 8 14 2 2 11 11 25 24 15 24 24 5 8 25 13 8 0 5 15 0 25 0 11 24 25 8 14 7 5 20 17 0 8 20 14 8 25 25 5 2 5 
Time cost: 3.276601552963257s

Result: 13792
Status of facilities: 1 0 1 0 0 1 0 1 1 0 0 1 0 1 1 0 0 1 0 0 1 0 0 0 1 1 0 0 0 1 
The assignment of customers to facilities: 20 11 13 2 20 5 2 24 14 17 29 8 8 20 17 14 14 17 25 11 2 0 29 17 5 8 2 24 5 5 29 25 13 25 20 20 24 24 0 14 0 14 24 8 24 14 7 13 11 8 29 14 14 5 13 20 17 11 11 14 0 5 20 11 11 11 24 0 29 29 20 20 11 17 24 8 5 20 2 24 20 7 13 17 17 17 17 7 20 5 2 24 17 11 17 5 2 2 29 13 8 17 17 25 2 29 7 11 14 8 14 14 2 11 11 25 24 24 24 24 5 8 25 13 8 0 25 5 0 25 0 11 5 29 8 14 7 5 20 17 0 8 20 14 8 25 25 5 2 5 
Time cost: 3.390937089920044s

Result: 13477
Status of facilities: 1 0 1 0 0 1 0 1 1 0 0 1 0 1 1 1 0 1 0 0 1 0 0 0 1 1 0 0 0 0 
The assignment of customers to facilities: 20 11 13 2 20 5 2 24 14 17 5 8 8 20 2 14 14 17 25 11 2 7 24 17 25 8 2 24 5 24 5 25 13 25 20 20 24 15 0 14 0 14 15 8 24 14 7 13 11 8 25 2 14 5 13 20 17 11 0 14 0 5 20 11 11 11 24 0 25 5 20 20 11 17 24 8 15 20 14 24 20 7 13 17 17 17 17 7 20 5 2 5 17 11 17 5 2 14 25 13 8 17 17 25 2 25 17 11 14 8 14 14 2 11 11 25 24 15 24 24 5 8 25 13 8 0 5 24 0 25 0 11 24 25 8 14 7 5 20 17 0 8 20 14 8 25 25 5 2 5 
Time cost: 3.264199733734131s

Result: 13783
Status of facilities: 1 0 1 0 0 1 0 1 1 1 0 1 0 0 1 0 0 1 0 0 1 0 0 0 1 1 0 0 1 0 
The assignment of customers to facilities: 20 11 8 2 20 5 2 24 14 17 9 8 8 20 17 14 14 17 5 11 2 0 5 17 5 8 2 24 5 9 5 25 8 25 20 8 24 24 0 14 0 14 24 28 24 14 7 20 11 8 5 28 14 5 8 20 17 11 11 14 0 5 20 11 11 11 24 0 9 9 8 20 11 17 24 8 9 20 14 9 20 7 20 17 2 17 17 0 20 5 2 24 17 11 17 9 2 2 25 8 28 17 17 25 2 25 7 11 14 28 14 14 2 11 11 25 24 24 24 24 5 28 25 20 8 0 5 9 0 25 0 11 24 25 28 14 7 5 20 17 0 8 20 14 8 25 25 5 2 5 
Time cost: 3.264148235321045s

Result: 13041
Status of facilities: 1 0 1 0 0 1 1 0 1 0 0 1 0 0 1 0 0 1 0 0 1 0 0 0 1 1 0 0 0 1 
The assignment of customers to facilities: 20 11 6 2 20 5 2 24 14 17 29 8 8 20 17 14 14 17 25 11 2 0 29 17 29 8 2 24 5 24 29 25 6 25 20 20 24 24 0 14 0 14 24 8 24 14 0 20 11 8 29 2 14 5 6 20 17 11 11 14 0 5 20 11 11 11 24 0 29 29 8 6 11 17 24 8 24 20 14 5 20 0 20 17 2 17 17 0 20 5 2 5 17 11 17 24 2 2 25 8 8 17 17 25 2 29 17 11 14 8 14 14 2 11 11 25 24 5 24 24 5 8 25 20 8 0 5 5 0 25 0 11 24 29 8 14 0 5 20 17 0 8 20 14 8 25 25 5 2 5 
Time cost: 3.3428664207458496s

Result: 13381
Status of facilities: 1 0 1 0 0 1 0 0 1 1 0 1 0 1 1 0 0 1 0 0 1 0 0 0 1 1 0 0 0 0 
The assignment of customers to facilities: 20 11 13 2 20 5 2 9 14 17 9 8 8 20 2 14 14 17 5 11 2 0 24 17 5 8 2 24 5 9 5 25 13 25 20 20 24 24 0 14 0 14 24 8 24 14 0 13 11 8 25 14 14 5 13 20 17 11 0 14 0 5 20 11 11 11 9 0 9 24 20 20 11 17 24 8 9 20 2 9 20 0 13 17 2 17 17 0 20 5 2 24 17 11 17 9 2 2 25 8 8 17 17 25 2 25 17 11 14 8 14 14 2 11 11 25 24 24 24 24 5 8 25 13 8 0 5 9 0 25 0 11 24 5 8 14 17 5 20 17 0 8 20 14 8 25 25 5 2 5 
Time cost: 3.268500566482544s

Result: 13053
Status of facilities: 1 0 1 0 0 1 0 0 1 0 0 1 0 1 1 1 0 1 0 0 1 0 0 0 1 1 0 0 0 0 
The assignment of customers to facilities: 20 11 13 2 20 5 2 24 14 17 5 8 8 20 2 14 14 17 5 11 2 0 5 17 25 8 2 24 5 15 5 25 13 25 20 20 24 15 0 14 0 14 15 8 24 14 0 13 11 8 25 2 14 5 13 20 17 11 0 14 0 5 20 11 11 11 24 0 5 24 20 13 11 17 24 8 24 20 14 24 20 0 13 17 17 17 17 0 20 5 2 24 17 11 0 24 2 2 25 20 8 17 17 25 2 25 17 11 14 8 14 14 2 11 11 11 24 15 24 24 5 8 25 13 8 0 5 15 0 25 0 11 24 25 8 14 17 5 20 17 0 8 20 14 8 25 25 5 2 5 
Time cost: 3.342778444290161s

Result: 13528
Status of facilities: 1 0 1 0 0 1 0 1 1 0 0 1 0 0 1 1 0 1 0 0 1 0 0 0 1 1 0 0 1 0 
The assignment of customers to facilities: 20 11 8 2 20 5 2 24 14 17 5 8 8 20 17 14 14 17 5 11 2 0 5 17 5 8 2 24 5 24 25 25 28 25 20 8 24 15 0 14 0 14 15 28 24 14 7 20 11 8 25 14 14 5 20 20 17 11 11 14 0 5 20 11 11 11 24 0 5 25 8 20 11 17 24 8 24 20 14 24 20 7 20 17 2 17 17 7 20 5 2 24 17 11 17 24 2 2 25 8 8 17 17 25 2 25 17 11 28 28 14 14 2 11 11 25 24 15 24 24 5 28 25 20 8 0 5 15 0 25 0 11 24 25 8 14 7 5 20 17 0 8 8 14 8 25 25 5 2 5 
Time cost: 3.455674409866333s

Result: 13758
Status of facilities: 1 0 1 0 0 1 0 1 1 1 0 1 0 1 1 0 0 1 0 0 1 0 0 0 1 1 0 0 0 0 
The assignment of customers to facilities: 20 11 13 2 20 5 2 9 14 17 9 8 8 20 17 14 14 17 25 11 2 0 5 17 5 8 2 24 5 9 5 25 13 25 20 20 24 24 7 14 0 14 24 8 24 14 0 13 11 8 5 14 14 5 13 20 17 11 11 14 0 5 20 11 11 11 24 0 9 9 20 20 11 17 24 8 9 20 14 24 20 7 13 17 17 17 2 7 20 5 2 24 17 11 17 9 2 2 25 13 8 17 17 25 2 25 17 11 14 8 14 2 2 11 11 25 24 24 24 24 5 8 25 13 8 7 5 9 0 25 0 11 24 5 8 14 7 5 20 17 0 8 20 14 8 25 25 5 2 5 
Time cost: 3.3843977451324463s

Result: 13805
Status of facilities: 1 0 1 0 0 1 0 1 1 0 0 1 0 1 1 1 0 1 0 0 1 0 0 0 1 1 0 0 0 1 
The assignment of customers to facilities: 20 11 13 2 20 5 2 24 14 17 24 8 8 20 2 14 14 17 5 11 2 0 5 17 29 8 2 24 5 15 5 25 13 25 20 20 24 15 0 14 0 14 15 8 24 14 0 13 11 8 29 14 14 5 13 20 17 11 0 14 0 5 20 11 11 11 24 0 5 5 20 20 11 17 24 8 15 20 2 24 20 7 13 17 17 17 17 7 20 5 2 24 17 11 17 24 2 2 25 13 8 17 17 25 2 29 17 11 14 8 14 14 2 11 11 25 24 24 24 24 5 8 25 13 8 0 5 15 0 29 0 11 24 29 8 14 7 5 20 17 0 8 20 14 8 25 25 5 2 5 
Time cost: 3.344430923461914s

Result: 13753
Status of facilities: 1 0 1 0 0 1 0 1 1 1 0 1 0 1 1 0 0 1 0 0 1 0 0 0 1 1 0 0 0 0 
The assignment of customers to facilities: 20 11 13 2 20 5 2 9 8 17 24 8 8 20 2 14 14 17 5 11 2 0 5 17 5 8 2 24 5 24 5 25 13 25 20 20 24 24 0 14 0 14 24 8 24 14 0 13 11 8 5 14 14 5 13 20 17 11 0 14 0 5 20 11 11 11 9 0 9 9 20 20 11 17 24 8 9 20 14 9 20 7 13 17 17 17 17 7 20 5 2 24 17 11 17 9 2 2 25 13 8 17 17 25 2 25 17 11 14 8 14 14 2 11 11 25 24 24 24 24 5 8 25 13 8 0 5 9 0 25 0 11 24 25 8 14 7 5 20 17 0 8 20 14 8 25 25 5 2 5 
Time cost: 3.6276042461395264s

Result: 13070
Status of facilities: 1 0 1 0 0 1 0 0 1 0 0 1 0 0 1 1 0 1 0 0 1 0 0 0 1 1 0 0 1 0 
The assignment of customers to facilities: 20 11 8 2 8 5 2 24 14 17 5 8 28 20 2 14 14 17 5 11 2 0 25 17 5 8 2 24 5 24 25 25 8 25 20 20 24 15 0 14 0 14 15 28 24 14 0 20 11 8 5 14 14 5 8 20 17 11 11 14 0 5 20 11 11 11 24 0 25 24 20 8 11 17 24 8 15 20 14 24 20 0 8 17 2 17 17 0 20 5 2 24 17 11 17 5 2 2 25 8 28 17 17 25 2 25 17 11 28 28 14 14 2 11 11 25 24 15 24 24 5 8 25 20 8 0 5 15 0 25 0 11 24 25 28 14 17 5 20 17 0 8 20 14 8 25 25 5 2 5 
Time cost: 3.311084508895874s

Result: 13750
Status of facilities: 1 0 1 0 0 1 0 1 1 1 0 1 0 1 1 0 0 1 0 0 1 0 0 0 1 1 0 0 0 0 
The assignment of customers to facilities: 20 11 13 2 20 5 2 24 14 17 9 8 8 20 17 14 14 17 5 11 2 0 5 17 5 8 2 24 5 9 5 25 13 25 20 20 24 24 0 14 0 14 24 8 24 14 7 13 11 8 5 14 14 5 13 20 17 11 11 14 0 5 20 11 11 11 9 0 9 9 20 20 11 17 24 8 9 20 2 9 20 7 13 17 2 17 17 7 20 5 2 24 17 11 17 9 2 2 25 13 8 17 17 25 2 25 17 11 14 8 14 14 2 11 11 25 24 24 24 24 5 8 25 13 8 0 5 24 0 25 0 11 24 25 8 14 7 5 20 17 0 8 20 14 8 25 25 5 2 5 
Time cost: 3.3394267559051514s

Result: 13770
Status of facilities: 1 0 1 0 0 1 0 1 1 1 0 1 0 1 1 0 0 1 0 0 1 0 0 0 1 1 0 0 0 0 
The assignment of customers to facilities: 20 11 20 2 20 5 2 9 14 17 9 8 8 20 2 14 14 17 5 11 2 0 5 17 9 8 2 24 5 24 5 25 13 25 20 20 24 9 7 14 0 14 24 8 24 14 7 13 11 8 5 14 14 5 13 20 17 11 11 14 0 5 20 11 11 11 9 0 9 9 13 13 11 17 24 8 9 20 14 24 20 7 13 17 17 17 17 7 20 5 2 24 17 11 17 24 2 2 25 20 8 17 17 25 2 25 17 11 14 8 14 2 2 11 11 25 24 24 24 24 5 8 25 13 8 0 5 9 0 25 0 11 24 5 8 14 7 5 20 17 0 8 20 14 8 25 25 5 2 5 
Time cost: 3.2955524921417236s

Result: 12938
Status of facilities: 1 0 1 0 1 1 1 0 1 0 0 1 0 0 1 1 0 1 0 0 1 0 0 0 1 1 0 0 0 0 
The assignment of customers to facilities: 20 11 6 2 20 5 2 24 14 17 24 8 8 20 2 14 14 17 25 11 2 0 5 17 5 8 2 24 5 24 5 25 6 25 20 20 24 15 0 14 0 14 15 8 24 14 0 20 11 8 5 2 14 5 6 20 17 11 0 14 0 5 20 11 11 11 5 0 24 25 8 6 11 17 24 8 24 20 14 24 20 0 20 17 17 17 17 4 20 5 2 24 17 11 17 5 2 2 25 8 8 17 17 25 2 25 17 11 14 8 14 14 2 11 11 25 24 15 24 24 5 8 25 20 8 0 5 15 0 25 0 11 24 25 8 14 4 5 20 17 0 8 20 14 8 25 25 5 2 5 
Time cost: 3.3683223724365234s

Result: 13084
Status of facilities: 1 0 1 0 0 1 1 1 1 0 0 1 0 0 1 1 0 1 0 0 1 0 0 0 1 1 0 0 0 0 
The assignment of customers to facilities: 20 11 6 2 20 5 2 24 8 17 24 8 8 20 17 14 14 17 25 11 2 0 5 17 5 8 2 24 5 24 25 25 6 25 20 20 24 15 0 14 0 14 15 14 24 14 7 20 11 8 5 14 14 5 6 20 17 11 11 14 0 5 20 11 11 11 5 0 5 5 8 6 11 17 24 8 15 20 14 24 20 7 20 17 17 17 17 7 20 25 2 24 17 11 7 24 2 2 25 8 8 17 17 25 2 25 17 11 8 8 14 14 2 11 11 25 24 24 24 24 5 8 25 20 8 0 5 15 0 25 0 11 24 25 8 14 7 5 20 17 0 8 20 14 8 25 25 5 2 5 
Time cost: 3.237837791442871s

Result: 13383
Status of facilities: 1 0 1 0 0 1 0 0 1 1 0 1 0 1 1 0 0 1 0 0 1 0 0 0 1 1 0 0 0 0 
The assignment of customers to facilities: 20 11 13 2 20 5 2 9 14 17 9 8 8 20 17 14 14 17 5 11 2 0 5 17 5 8 2 24 5 9 5 25 13 25 20 20 24 24 0 14 0 14 24 8 24 14 0 13 11 8 5 14 14 5 13 20 17 11 0 14 0 5 20 11 11 11 24 0 9 9 20 13 11 17 24 8 9 20 14 24 20 0 20 17 2 17 17 0 20 5 2 24 17 11 17 9 2 2 25 13 8 17 17 25 2 25 0 11 14 8 14 2 2 11 11 25 24 24 24 24 5 8 25 13 8 0 5 9 0 25 0 11 24 25 8 14 17 5 20 17 0 8 20 14 8 25 25 5 2 5 
Time cost: 3.228907823562622s

Result: 13373
Status of facilities: 1 0 1 0 0 1 0 1 1 0 0 1 0 1 1 0 0 1 0 0 1 0 0 0 1 1 0 0 0 0 
The assignment of customers to facilities: 20 11 20 2 20 5 2 24 14 17 5 8 8 20 17 14 14 17 25 11 2 0 25 17 25 8 2 24 5 5 5 25 13 25 20 20 24 24 0 14 0 14 24 8 24 14 7 13 11 8 5 2 14 5 13 20 17 11 0 14 0 5 20 11 11 11 24 0 25 25 20 13 11 17 24 8 5 20 14 24 20 7 13 17 2 17 17 7 20 5 2 24 17 11 17 5 2 2 25 8 8 17 17 11 2 25 17 11 14 8 14 14 2 11 11 11 24 24 5 24 5 8 25 13 8 0 25 25 0 11 0 11 24 25 8 14 7 5 20 17 0 8 20 14 8 25 25 5 2 5 
Time cost: 3.25262713432312s

Result: 13419
Status of facilities: 1 0 1 0 0 1 0 0 1 0 0 1 0 1 1 0 0 1 0 0 1 0 0 0 1 1 0 0 0 1 
The assignment of customers to facilities: 20 11 13 2 20 5 2 24 14 17 29 8 8 20 17 14 14 0 25 11 2 0 5 17 29 8 2 24 5 29 29 25 13 25 20 20 24 24 0 14 0 14 24 8 24 14 0 13 11 8 29 2 14 5 20 20 17 11 0 14 0 5 20 11 11 11 24 0 5 29 13 13 11 17 24 8 5 20 14 24 20 0 13 17 2 17 17 0 20 29 2 5 17 11 17 5 2 2 25 13 8 17 17 25 2 29 17 11 14 8 14 14 2 11 11 25 24 24 5 24 5 8 25 13 8 0 5 24 0 29 0 11 24 29 8 14 17 5 20 17 0 8 20 14 8 25 25 5 2 5 
Time cost: 3.282745838165283s

Result: 13251
Status of facilities: 1 0 1 0 0 1 0 0 1 0 0 1 0 0 1 0 0 1 0 0 1 0 0 0 1 1 0 0 1 0 
The assignment of customers to facilities: 20 11 8 2 8 5 2 24 28 17 5 8 28 8 17 14 14 17 25 11 2 0 5 17 11 8 2 24 24 25 25 25 8 25 20 20 24 24 0 14 0 14 24 28 24 14 0 20 11 8 25 14 14 5 8 20 17 11 0 14 0 5 20 11 11 11 24 0 11 5 20 8 11 17 24 8 25 20 14 24 20 0 20 17 2 17 17 0 20 5 2 5 17 11 17 5 2 2 25 8 28 17 17 25 2 25 17 11 14 28 14 14 2 11 11 25 5 24 24 24 5 8 25 20 8 0 5 11 0 25 0 11 24 25 28 14 0 5 20 17 0 8 20 14 8 25 25 5 2 5 
Time cost: 3.3160626888275146s

Result: 13449
Status of facilities: 1 0 1 0 0 1 0 0 1 0 0 1 0 1 1 0 0 1 0 0 1 0 0 0 1 1 0 0 0 1 
The assignment of customers to facilities: 20 11 13 2 20 5 2 24 14 17 5 8 8 20 17 14 14 17 25 11 2 0 29 17 5 8 2 24 5 29 29 25 13 25 20 20 24 5 0 14 0 14 5 8 24 14 0 13 11 8 29 2 14 5 13 20 17 11 11 14 0 5 20 11 11 11 24 0 5 29 20 20 11 0 24 8 24 20 14 24 20 0 13 17 17 17 2 0 20 5 2 24 17 11 17 24 2 2 25 13 8 17 17 25 2 29 17 11 14 8 14 14 2 11 11 25 24 24 24 24 5 8 25 13 8 0 5 29 0 29 0 11 24 29 8 14 17 5 20 17 0 8 20 14 8 25 25 5 2 5 
Time cost: 3.2721872329711914s

Result: 13224
Status of facilities: 1 0 1 0 0 1 1 1 1 0 0 1 0 0 1 0 0 1 0 0 1 0 0 0 1 1 0 0 0 0 
The assignment of customers to facilities: 20 11 6 2 20 5 2 24 14 17 5 8 8 20 17 14 14 17 25 11 2 0 25 2 5 8 2 24 5 24 25 25 6 25 20 20 24 24 0 14 0 14 25 8 24 14 0 20 11 8 5 14 14 5 6 20 17 11 0 14 0 5 20 11 11 11 24 0 5 5 8 6 11 17 24 8 25 20 2 24 20 7 20 17 17 17 17 7 20 5 2 5 17 11 17 25 2 2 25 8 8 17 17 11 2 25 17 11 14 8 14 14 2 11 11 11 24 24 24 5 5 8 25 20 8 0 25 24 0 11 0 11 24 25 8 14 7 25 20 17 0 8 20 14 8 25 25 5 2 5 
Time cost: 3.3254334926605225s

Result: 13060
Status of facilities: 1 0 1 0 0 1 0 0 1 0 0 1 0 1 1 1 0 1 0 0 1 0 0 0 1 1 0 0 0 0 
The assignment of customers to facilities: 20 11 20 14 13 5 2 24 14 17 5 8 8 20 2 14 14 17 25 11 2 0 5 17 25 8 2 24 5 24 25 25 13 25 20 20 24 15 0 14 0 14 15 8 24 14 0 13 11 8 25 2 14 5 13 20 17 11 11 14 0 5 20 11 11 11 24 0 5 5 20 13 11 17 24 8 24 20 14 24 20 0 13 17 2 17 17 0 20 5 2 24 17 11 17 24 2 2 25 13 8 17 17 25 2 25 17 11 14 8 14 14 2 11 11 25 24 15 24 5 5 8 25 13 8 0 5 24 0 25 0 11 24 25 8 14 17 5 20 17 0 8 20 14 8 25 25 5 2 5 
Time cost: 3.2985708713531494s

Result: 12790
Status of facilities: 1 0 1 0 0 1 1 0 1 0 0 1 0 0 1 1 0 1 0 0 1 0 0 0 1 1 0 0 0 0 
The assignment of customers to facilities: 20 11 20 2 20 5 2 24 14 17 5 8 8 20 17 14 14 17 5 11 2 0 5 17 5 8 2 24 5 15 25 25 6 25 20 20 24 15 0 14 0 14 15 14 24 14 0 20 11 8 25 14 14 5 6 20 17 11 11 14 0 5 20 11 11 11 24 0 5 24 20 6 11 17 24 8 24 20 2 24 20 0 8 17 2 17 17 0 20 5 2 24 17 11 17 24 2 2 25 8 8 17 17 25 2 25 17 11 14 8 14 14 2 11 11 25 24 15 24 24 5 8 25 20 8 0 5 15 0 25 0 11 24 25 8 14 0 5 8 17 0 8 20 14 8 25 25 5 2 5 
Time cost: 3.2839627265930176s

Result: 13406
Status of facilities: 1 0 1 0 0 1 0 1 1 0 0 1 0 1 1 1 0 1 0 0 1 0 0 0 1 1 0 0 0 0 
The assignment of customers to facilities: 20 11 13 2 20 5 2 24 8 17 5 8 8 20 17 14 14 17 5 11 2 0 25 17 25 8 2 24 5 24 5 25 20 25 20 20 24 15 0 14 0 14 15 8 24 14 7 13 11 8 25 14 14 5 13 20 17 11 0 14 0 5 20 11 11 11 24 0 5 5 13 20 11 17 24 8 24 20 14 24 20 7 13 17 17 17 17 7 20 5 2 24 17 11 17 24 2 2 25 13 8 17 17 25 2 25 7 11 14 8 14 14 2 11 11 25 24 15 24 24 5 8 25 13 8 0 5 15 0 25 0 11 24 25 8 14 7 5 20 17 0 8 20 14 8 25 25 5 2 5 
Time cost: 3.248553991317749s

Result: 13453
Status of facilities: 1 0 1 0 0 1 0 1 1 0 0 1 0 0 1 0 0 1 0 0 1 0 0 0 1 1 0 0 1 0 
The assignment of customers to facilities: 20 11 8 2 20 5 2 24 14 17 5 8 8 20 17 14 14 17 25 11 2 0 25 17 5 8 2 24 5 25 25 25 28 11 20 20 24 24 0 14 0 14 24 28 24 14 7 20 11 8 5 14 14 5 8 8 17 11 11 14 0 5 20 11 11 11 24 0 25 25 8 20 11 17 24 8 24 20 14 24 20 7 20 17 17 17 17 7 20 5 2 24 17 11 17 24 2 2 25 8 28 17 17 25 2 25 7 11 28 28 14 14 2 11 11 25 24 5 5 24 5 28 25 20 8 0 5 25 0 11 0 11 24 25 8 14 7 5 20 17 0 8 20 14 8 25 25 5 2 5 
Time cost: 3.316211700439453s

Result: 13078
Status of facilities: 1 0 1 0 0 1 1 1 1 0 0 1 0 0 1 1 0 1 0 0 1 0 0 0 1 1 0 0 0 0 
The assignment of customers to facilities: 20 11 6 2 20 5 2 24 14 17 24 8 8 20 2 14 14 17 5 11 2 0 5 17 24 8 2 24 5 15 25 25 6 25 20 20 24 15 0 14 0 14 15 8 24 14 7 20 11 8 5 2 14 5 6 20 17 11 11 14 0 5 20 11 11 11 24 0 24 5 8 6 11 17 24 8 24 20 14 24 20 7 20 17 17 17 17 7 20 25 2 24 17 11 17 5 2 2 25 8 8 17 17 25 2 25 17 11 14 8 14 14 2 11 11 25 24 15 24 5 5 8 25 20 8 0 5 15 0 25 0 11 24 25 8 14 7 5 20 17 0 8 20 14 8 25 25 5 2 5 
Time cost: 3.274848461151123s

