Begin: 87272

Result: 11891
Status of facilities: 1 0 1 0 0 1 0 1 1 1 0 1 0 1 1 0 0 1 0 0 1 0 0 0 1 1 0 0 0 0 
The assignment of customers to facilities: 20 11 13 2 20 5 2 9 14 17 9 8 8 20 2 14 14 17 5 11 2 0 5 17 5 8 2 24 5 24 5 25 13 25 20 20 24 24 0 14 0 14 24 8 24 14 7 13 11 8 5 14 14 5 13 20 17 11 11 14 0 5 20 11 11 11 9 0 9 9 20 13 11 17 24 8 9 20 2 9 20 7 20 17 17 17 17 7 20 5 2 24 17 11 17 9 2 2 25 13 8 17 17 25 2 25 17 11 14 8 14 14 2 11 11 25 24 24 24 24 5 8 25 13 8 0 5 9 0 25 0 11 24 25 8 14 7 5 20 17 0 8 20 14 8 25 25 5 2 5 
Time cost: 3.294728994369507s

Result: 11895
Status of facilities: 1 0 1 0 0 1 0 1 1 1 0 1 0 1 1 0 0 1 0 0 1 0 0 0 1 1 0 0 0 0 
The assignment of customers to facilities: 20 11 13 2 20 5 2 9 14 17 24 8 8 20 17 14 14 17 25 11 2 0 5 17 9 8 2 24 5 9 5 25 13 25 20 20 24 24 0 14 0 14 24 8 24 14 7 13 11 8 5 14 14 5 13 20 17 11 11 14 0 5 20 11 11 11 9 0 5 9 20 20 11 17 24 8 9 20 2 9 20 7 13 17 2 17 17 7 20 5 2 24 17 11 17 9 2 14 25 13 8 17 17 25 2 25 17 11 14 8 14 14 2 11 11 25 24 24 24 24 5 8 25 13 8 0 5 9 0 25 0 11 24 5 8 14 7 5 20 17 0 8 20 14 8 25 25 5 2 5 
Time cost: 3.3421711921691895s

Result: 11897
Status of facilities: 1 0 1 0 0 1 0 1 1 1 0 1 0 1 1 0 0 1 0 0 1 0 0 0 1 1 0 0 0 0 
The assignment of customers to facilities: 20 11 13 2 20 5 2 9 14 17 9 8 8 20 2 14 14 17 5 11 2 0 5 17 5 8 2 24 5 24 5 25 13 25 20 20 24 24 0 14 0 14 24 8 24 14 7 13 11 8 5 2 14 5 13 20 17 11 0 14 0 5 20 11 11 11 9 0 9 9 20 20 11 17 24 8 24 20 14 9 20 7 13 17 17 17 17 7 20 5 2 24 17 11 17 9 2 2 25 13 8 17 17 25 2 25 17 11 14 8 14 14 2 11 11 25 24 24 24 24 5 8 25 13 8 0 5 9 0 25 0 11 24 25 8 14 7 5 20 17 0 8 20 14 8 25 25 5 2 5 
Time cost: 3.3025460243225098s

Result: 11626
Status of facilities: 1 0 1 0 0 1 0 0 1 1 0 1 0 1 1 0 0 1 0 0 1 0 0 0 1 1 0 0 0 0 
The assignment of customers to facilities: 20 11 13 2 20 5 2 9 14 17 24 8 8 20 2 14 14 17 5 11 2 0 5 17 5 8 2 24 5 24 5 25 13 25 20 20 24 24 0 14 0 8 24 8 24 14 0 13 11 8 5 14 14 5 13 20 17 11 11 14 0 5 20 11 11 11 9 0 9 24 20 13 11 17 24 8 9 20 14 9 20 0 13 17 17 17 17 0 20 5 2 9 17 11 17 9 2 2 25 20 8 17 17 25 2 25 17 11 14 8 14 14 2 11 11 25 24 24 24 24 5 8 25 13 8 0 5 9 0 25 0 11 24 25 8 14 0 5 20 17 0 8 20 14 8 25 25 5 2 5 
Time cost: 3.2691073417663574s

Result: 11886
Status of facilities: 1 0 1 0 0 1 0 1 1 0 0 1 0 1 1 0 0 1 0 0 1 0 0 0 1 1 0 0 0 0 
The assignment of customers to facilities: 20 11 13 2 20 5 2 24 14 17 5 8 8 20 17 14 14 17 25 11 2 0 25 17 25 8 2 24 25 25 5 11 13 25 20 20 24 24 0 14 0 14 24 8 24 14 0 13 11 8 25 2 14 5 13 20 17 11 11 14 0 5 20 11 11 11 5 0 5 25 20 20 11 17 5 8 5 20 14 24 20 7 13 17 17 17 2 7 20 5 2 24 17 11 17 5 2 2 25 13 8 17 17 25 2 25 17 11 14 8 14 14 2 11 11 11 24 24 24 24 5 8 11 13 8 0 5 24 0 25 0 11 24 25 8 14 7 5 20 17 0 8 20 14 8 25 25 5 2 5 
Time cost: 3.2784621715545654s

Result: 11895
Status of facilities: 1 0 1 0 0 1 0 1 1 1 0 1 0 1 1 0 0 1 0 0 1 0 0 0 1 1 0 0 0 0 
The assignment of customers to facilities: 20 11 20 2 20 5 2 9 14 17 9 8 8 20 17 14 14 17 25 11 2 0 5 17 5 8 2 24 5 9 5 25 13 25 20 20 24 24 0 14 0 14 24 8 24 14 7 13 11 8 25 14 14 5 13 20 17 11 0 14 0 5 20 11 11 11 9 0 9 24 13 20 11 17 24 8 9 20 2 24 20 7 13 17 2 17 17 0 20 5 2 24 17 11 17 5 2 2 25 13 8 17 17 25 2 25 17 11 14 8 14 14 2 11 11 25 24 24 24 24 5 8 25 13 8 0 5 9 0 25 0 11 24 5 8 14 7 5 20 17 0 8 20 14 8 25 25 5 2 5 
Time cost: 3.272416353225708s

Result: 11900
Status of facilities: 1 0 1 0 0 1 0 1 1 1 0 1 0 1 1 0 0 1 0 0 1 0 0 0 1 1 0 0 0 0 
The assignment of customers to facilities: 20 11 13 2 20 5 2 9 14 17 9 8 8 20 17 14 14 17 5 11 2 0 24 17 5 8 2 24 5 9 5 25 13 25 20 20 24 24 0 14 0 14 24 8 24 14 0 13 11 8 25 2 14 5 13 20 17 11 0 14 0 5 20 11 11 11 9 0 9 9 20 20 11 17 24 8 9 20 14 24 20 7 13 17 17 17 2 7 20 5 2 24 17 11 17 9 2 2 25 13 8 17 17 25 2 25 17 11 14 8 14 14 2 11 11 25 24 24 24 24 5 8 25 13 8 0 5 9 0 25 0 11 24 5 8 14 7 5 20 17 0 8 20 14 8 25 25 5 2 5 
Time cost: 3.4171268939971924s

Result: 11891
Status of facilities: 1 0 1 0 0 1 0 1 1 1 0 1 0 1 1 0 0 1 0 0 1 0 0 0 1 1 0 0 0 0 
The assignment of customers to facilities: 20 11 13 2 20 5 2 9 14 17 9 8 8 20 17 14 14 17 5 11 2 0 5 17 9 8 2 24 5 9 5 25 13 25 20 20 24 24 0 14 0 14 24 8 24 14 0 13 11 8 5 14 14 5 13 20 17 11 11 14 0 5 20 11 11 11 9 0 24 9 20 20 11 17 24 8 9 20 2 24 20 7 13 17 2 17 17 0 20 5 2 24 17 11 17 24 2 2 25 8 8 17 17 25 2 25 17 11 14 8 14 14 2 11 11 25 24 24 24 24 5 8 25 13 8 0 5 9 0 25 0 11 24 5 8 14 7 5 20 17 0 8 20 14 8 25 25 5 2 5 
Time cost: 3.3092286586761475s

Result: 11606
Status of facilities: 1 0 1 0 0 1 0 0 1 1 0 1 0 1 1 0 0 1 0 0 1 0 0 0 1 1 0 0 0 0 
The assignment of customers to facilities: 20 11 13 2 20 5 2 9 8 17 9 8 8 20 17 14 14 17 25 11 2 0 5 2 5 8 2 24 5 24 5 25 13 25 20 20 24 24 0 14 0 14 24 8 24 14 0 13 11 8 5 14 14 5 20 20 17 11 11 14 0 5 20 11 11 11 9 0 9 9 13 20 11 17 24 8 9 20 14 9 20 0 13 17 17 17 17 0 20 5 2 24 17 11 17 24 2 2 25 13 8 17 17 25 2 25 17 11 14 8 14 14 2 11 11 25 24 24 24 24 5 8 25 13 8 0 5 9 0 25 0 11 24 5 8 14 0 5 20 17 0 8 20 14 8 25 25 5 2 5 
Time cost: 3.277616262435913s

Result: 11896
Status of facilities: 1 0 1 0 0 1 0 1 1 1 0 1 0 1 1 0 0 1 0 0 1 0 0 0 1 1 0 0 0 0 
The assignment of customers to facilities: 20 11 13 2 20 5 2 9 14 17 24 8 8 20 17 14 14 17 5 11 2 0 5 17 9 8 2 24 5 9 5 25 13 25 20 20 24 24 0 14 0 14 24 8 24 14 0 13 11 8 5 2 14 5 13 20 17 11 0 14 0 5 20 11 11 11 9 0 9 9 20 20 11 17 24 8 9 20 14 24 20 7 13 17 17 17 17 7 20 5 2 24 17 11 17 9 2 2 25 13 8 17 17 25 2 25 7 11 14 8 14 14 2 11 11 25 24 24 24 24 5 8 25 13 8 0 5 9 0 25 0 11 24 5 8 14 7 5 20 17 0 8 20 14 8 25 25 5 2 5 
Time cost: 3.2727737426757812s

Result: 11602
Status of facilities: 1 0 1 0 0 1 0 0 1 1 0 1 0 1 1 0 0 1 0 0 1 0 0 0 1 1 0 0 0 0 
The assignment of customers to facilities: 20 11 13 2 13 5 2 9 14 17 24 8 8 20 2 14 14 17 5 11 2 0 5 17 5 8 2 24 5 9 5 25 13 25 20 20 24 24 0 14 0 14 24 8 24 14 0 13 11 8 5 14 14 5 13 20 17 11 11 14 0 5 20 11 11 11 9 0 9 9 20 20 11 17 24 8 9 20 14 24 20 0 13 17 17 17 2 0 20 5 2 24 17 11 17 9 2 2 25 13 8 17 17 25 2 25 17 11 14 8 14 2 2 11 11 25 24 24 24 24 5 8 25 13 8 0 5 9 0 25 0 11 24 25 8 14 17 5 20 17 0 8 20 14 8 25 25 5 2 5 
Time cost: 3.2502496242523193s

Result: 11892
Status of facilities: 1 0 1 0 0 1 0 1 1 0 0 1 0 1 1 0 0 1 0 0 1 0 1 0 1 1 0 0 0 0 
The assignment of customers to facilities: 20 11 13 2 20 5 2 24 14 17 22 8 8 20 17 14 14 17 5 11 2 0 5 17 5 8 2 24 5 22 5 25 13 25 20 20 24 24 0 14 0 14 24 8 24 14 0 13 11 8 25 14 14 5 13 20 17 11 11 14 0 5 20 11 11 11 22 0 22 22 20 20 11 17 24 8 22 20 14 24 20 7 13 17 2 17 17 7 20 5 2 24 17 11 17 5 2 2 25 13 8 17 17 25 2 25 17 11 14 8 14 2 2 11 11 25 24 24 24 24 5 8 25 13 8 0 5 22 0 25 0 11 24 25 8 14 7 5 20 17 0 8 20 14 8 25 25 5 2 5 
Time cost: 3.2549965381622314s

Result: 11604
Status of facilities: 1 0 1 0 0 1 0 0 1 1 0 1 0 1 1 0 0 1 0 0 1 0 0 0 1 1 0 0 0 0 
The assignment of customers to facilities: 20 11 20 2 20 5 2 9 14 17 9 8 8 20 17 14 14 17 25 11 2 0 5 17 5 8 2 24 5 9 5 25 13 25 20 20 24 24 0 14 0 14 24 8 24 14 0 13 11 8 5 14 14 5 13 20 17 11 11 14 0 5 20 11 11 11 24 0 9 9 13 20 11 17 24 8 9 20 14 9 20 0 13 17 17 17 17 0 20 5 2 24 17 11 17 24 2 2 25 13 8 17 17 25 2 25 0 11 14 8 14 2 2 11 11 25 24 24 24 24 5 8 25 13 8 0 5 9 0 25 0 11 24 5 8 14 0 5 20 17 0 8 20 14 8 25 25 5 2 5 
Time cost: 3.255561113357544s

Result: 11607
Status of facilities: 1 0 1 0 0 1 0 0 1 1 0 1 0 1 1 0 0 1 0 0 1 0 0 0 1 1 0 0 0 0 
The assignment of customers to facilities: 20 11 13 2 20 5 2 9 14 17 24 8 8 20 2 14 14 17 5 11 2 0 5 17 9 8 2 24 5 9 5 25 13 25 20 20 24 24 0 14 0 14 24 8 24 14 0 13 11 8 5 14 14 5 13 20 17 11 11 14 0 5 20 11 11 11 9 0 9 9 20 20 11 17 24 8 9 20 14 24 20 0 13 17 17 17 17 0 20 5 2 24 17 11 17 9 2 2 25 13 8 17 17 25 2 25 17 11 8 8 14 14 2 11 11 11 24 24 24 24 5 8 25 13 8 0 5 9 0 25 0 11 24 5 8 14 0 5 20 17 0 8 20 14 8 25 25 5 2 5 
Time cost: 3.264949083328247s

Result: 11891
Status of facilities: 1 0 1 0 0 1 0 1 1 1 0 1 0 1 1 0 0 1 0 0 1 0 0 0 1 1 0 0 0 0 
The assignment of customers to facilities: 20 11 13 2 20 5 2 9 14 17 9 8 8 20 17 14 14 17 5 11 2 0 5 17 9 8 2 24 5 24 5 25 13 25 20 20 24 24 0 14 0 14 24 8 24 14 0 13 11 8 5 14 14 5 13 20 17 11 11 14 0 5 20 11 11 11 9 0 9 9 20 13 11 17 24 8 9 20 2 9 20 7 13 17 2 17 17 7 20 5 2 24 17 11 17 24 2 2 25 20 8 17 17 25 2 25 17 11 14 8 14 14 2 11 11 25 24 24 24 24 5 8 25 13 8 7 5 9 0 25 0 11 24 5 8 14 7 5 20 17 0 8 20 14 8 25 25 5 2 5 
Time cost: 3.2520782947540283s

Result: 11898
Status of facilities: 1 0 1 0 0 1 0 1 1 1 0 1 0 1 1 0 0 1 0 0 1 0 0 0 1 1 0 0 0 0 
The assignment of customers to facilities: 20 11 13 2 20 5 2 9 14 17 9 8 8 20 17 14 14 17 5 11 2 0 5 17 9 8 2 24 5 9 5 25 13 25 20 20 24 24 0 14 0 14 24 8 24 14 0 13 11 8 5 14 14 5 13 20 17 11 0 14 0 5 20 11 11 11 9 0 24 9 20 13 11 17 24 8 9 20 2 24 20 7 13 17 17 17 17 7 20 5 2 24 17 11 17 9 2 2 25 13 8 17 17 25 2 25 7 11 14 8 14 14 2 11 11 25 24 24 5 24 5 8 25 13 8 0 5 24 0 25 0 11 24 25 8 14 7 5 20 17 0 8 20 14 8 25 25 5 2 5 
Time cost: 3.251343250274658s

Result: 11912
Status of facilities: 1 0 1 0 0 1 0 1 1 1 0 1 0 1 1 0 0 1 0 0 1 0 0 0 1 1 0 0 0 0 
The assignment of customers to facilities: 20 11 13 2 20 5 2 9 14 17 9 8 8 20 17 14 14 17 5 11 2 0 5 17 5 8 2 24 5 24 5 25 13 25 20 20 24 9 0 14 0 14 24 8 24 14 0 13 11 8 5 14 14 5 13 20 17 11 11 14 0 5 20 11 11 11 9 0 24 9 20 20 11 17 24 8 9 20 2 24 20 7 13 17 17 17 17 0 20 5 2 24 17 11 17 9 2 2 25 13 8 7 17 25 2 25 17 11 14 8 14 14 2 11 11 25 24 24 24 24 5 8 25 13 8 0 5 9 0 25 0 11 24 25 8 14 7 5 20 17 0 8 20 14 8 25 25 5 2 5 
Time cost: 3.2702882289886475s

Result: 11892
Status of facilities: 1 0 1 0 0 1 0 1 1 1 0 1 0 1 1 0 0 1 0 0 1 0 0 0 1 1 0 0 0 0 
The assignment of customers to facilities: 20 11 13 2 20 5 2 24 8 17 9 8 8 20 17 14 14 17 5 11 2 0 5 17 5 8 2 24 5 9 5 25 13 25 20 20 24 24 0 14 0 14 24 8 24 14 0 13 11 8 5 14 14 5 13 20 17 11 11 14 0 5 20 11 11 11 9 0 9 9 20 20 11 17 24 8 9 20 14 24 20 7 13 17 2 17 17 7 20 5 2 24 17 11 17 9 2 2 25 13 8 17 17 25 2 25 17 11 14 8 14 14 2 11 11 25 24 24 24 24 5 8 25 13 8 0 5 9 0 25 0 11 24 25 8 14 7 5 20 17 0 8 20 14 8 25 25 5 2 5 
Time cost: 3.314127206802368s

Result: 11868
Status of facilities: 1 0 1 0 0 1 0 1 1 0 0 1 0 1 1 1 0 1 0 0 1 0 0 0 1 1 0 0 0 0 
The assignment of customers to facilities: 20 11 13 2 20 5 2 24 14 17 5 8 8 20 17 14 14 17 5 11 2 0 5 17 25 8 2 24 5 24 5 25 13 25 20 20 24 15 0 14 0 14 15 8 24 14 7 13 11 8 25 14 14 5 13 20 17 25 0 14 0 5 20 11 11 11 24 0 25 5 20 20 11 17 24 8 24 20 2 24 20 7 13 17 17 17 17 7 20 5 2 24 17 11 17 24 2 2 25 13 8 17 17 25 2 25 7 11 14 8 14 14 2 11 11 25 24 15 24 24 5 8 25 13 8 0 5 15 0 25 0 11 24 25 8 14 7 5 20 17 0 8 20 14 8 25 25 5 2 5 
Time cost: 3.271393060684204s

Result: 11565
Status of facilities: 1 0 1 0 0 1 0 0 1 0 0 1 0 1 1 0 0 1 0 0 1 0 0 0 1 1 0 0 0 0 
The assignment of customers to facilities: 20 11 13 2 13 5 2 24 14 17 25 8 8 20 2 14 14 17 5 11 2 0 24 17 25 8 2 24 25 25 5 25 13 25 20 20 24 5 0 14 0 14 24 8 24 14 0 13 11 8 25 2 14 5 13 20 17 11 0 14 0 5 20 11 11 11 24 0 5 25 20 13 11 17 24 8 24 20 14 24 20 0 20 17 17 17 17 0 20 5 2 24 17 11 17 5 2 2 25 13 8 17 17 25 2 25 0 11 14 8 14 14 2 11 11 11 24 24 5 24 5 8 25 13 8 0 5 5 0 11 0 11 24 25 8 14 17 25 20 17 0 8 20 14 8 25 25 5 2 5 
Time cost: 3.2934188842773438s

Result: 11598
Status of facilities: 1 0 1 0 0 1 0 0 1 1 0 1 0 1 1 0 0 1 0 0 1 0 0 0 1 1 0 0 0 0 
The assignment of customers to facilities: 20 11 13 2 20 5 2 9 14 17 9 8 8 20 17 14 14 17 5 11 2 0 5 2 9 8 2 24 5 24 5 25 13 25 20 20 24 24 0 14 0 14 24 8 24 14 0 13 11 8 5 14 14 5 13 20 17 11 0 14 0 5 20 11 11 11 24 0 9 9 20 20 11 17 24 8 9 20 2 9 20 0 13 17 2 17 17 0 20 5 2 24 17 11 17 9 2 2 25 13 8 17 17 25 2 25 17 11 14 8 14 14 2 11 11 25 24 24 24 24 5 8 25 13 8 0 5 9 0 25 0 11 24 5 8 14 17 5 20 17 0 8 20 14 8 25 25 5 2 5 
Time cost: 3.2662079334259033s

Result: 11600
Status of facilities: 1 0 1 0 0 1 0 0 1 1 0 1 0 1 1 0 0 1 0 0 1 0 0 0 1 1 0 0 0 0 
The assignment of customers to facilities: 13 11 13 2 20 5 2 9 14 17 24 8 8 20 2 14 14 17 5 11 2 0 5 17 9 8 2 24 5 9 5 25 13 25 20 20 24 24 0 14 0 14 24 8 24 14 0 13 11 8 5 14 14 5 13 20 17 11 11 14 0 5 20 11 11 11 9 0 24 9 20 20 11 17 24 8 9 20 2 9 20 0 13 17 17 17 17 0 20 5 2 24 17 11 17 9 2 2 25 13 8 17 17 25 2 25 17 11 14 8 14 14 2 11 11 25 24 24 24 24 5 8 25 13 8 0 5 9 0 25 0 11 24 5 8 14 0 5 20 17 0 8 20 14 8 25 25 5 2 5 
Time cost: 3.270402669906616s

Result: 11600
Status of facilities: 1 0 1 0 0 1 0 0 1 1 0 1 0 1 1 0 0 1 0 0 1 0 0 0 1 1 0 0 0 0 
The assignment of customers to facilities: 20 11 13 2 20 5 2 9 14 17 24 8 8 20 17 14 14 17 5 11 2 0 9 17 5 8 2 24 5 24 5 25 13 25 20 20 24 24 0 14 0 14 24 8 24 14 0 13 11 8 25 14 14 5 20 20 17 11 0 14 0 5 20 11 11 11 9 0 9 9 13 20 11 17 24 8 9 20 14 9 20 0 13 17 2 17 17 0 20 5 2 24 17 11 17 9 2 2 25 13 8 17 17 25 2 25 17 11 14 8 14 2 2 11 11 25 24 24 24 24 5 8 25 13 8 0 5 9 0 25 0 11 24 5 8 14 0 5 20 17 0 8 20 14 8 25 25 5 2 5 
Time cost: 3.270256996154785s

Result: 11601
Status of facilities: 1 0 1 0 0 1 0 0 1 1 0 1 0 1 1 0 0 1 0 0 1 0 0 0 1 1 0 0 0 0 
The assignment of customers to facilities: 20 11 13 2 20 5 2 24 14 17 9 8 8 20 2 14 14 17 5 11 2 0 24 17 5 8 2 24 5 9 25 25 13 25 20 20 24 24 0 14 0 14 24 8 24 14 0 13 11 8 5 14 14 5 13 20 17 11 0 14 0 5 20 11 11 11 9 0 9 9 20 20 11 17 24 8 9 20 14 9 20 0 13 17 2 17 17 0 20 5 2 24 17 11 17 24 2 2 25 13 8 17 17 25 2 25 17 11 14 8 14 2 2 11 11 25 24 24 24 24 5 8 25 13 8 0 5 9 0 25 0 11 24 5 8 14 17 5 20 17 0 8 20 14 8 25 25 5 2 5 
Time cost: 3.277346611022949s

Result: 11897
Status of facilities: 1 0 1 0 0 1 0 1 1 0 0 1 0 1 1 1 0 1 0 0 1 0 0 0 1 1 0 0 0 0 
The assignment of customers to facilities: 20 11 13 2 20 5 2 24 14 17 5 8 8 20 17 14 14 17 25 11 2 0 24 17 25 8 2 24 5 15 25 25 13 25 20 20 24 15 0 14 0 14 15 8 24 14 7 13 11 8 5 2 14 5 13 20 17 11 0 14 0 5 20 11 11 11 24 0 5 5 13 20 11 17 24 8 24 20 14 24 20 7 20 17 2 17 17 7 20 5 2 24 17 11 17 24 2 2 25 8 8 17 17 25 2 25 7 11 14 8 14 14 2 11 11 25 24 15 5 24 5 8 25 13 8 0 5 24 0 25 0 11 24 25 8 14 7 5 20 17 0 8 20 14 8 25 25 5 2 5 
Time cost: 3.2956318855285645s

Result: 11897
Status of facilities: 1 0 1 0 0 1 0 0 1 1 0 1 0 1 1 0 0 1 0 0 1 0 0 0 1 1 0 0 0 1 
The assignment of customers to facilities: 20 11 20 2 20 5 2 9 8 17 9 8 8 20 17 14 14 17 5 11 2 0 9 2 5 8 2 24 5 9 5 25 13 25 20 20 24 24 0 14 0 14 24 8 24 14 0 13 11 8 29 14 14 5 13 20 17 25 0 14 0 5 20 11 11 11 24 0 24 9 20 13 11 17 24 8 9 20 14 9 20 0 13 17 2 17 17 0 20 5 2 24 17 11 17 9 2 2 25 13 8 17 17 25 2 29 17 11 14 8 14 14 2 11 11 25 24 24 24 24 5 8 25 13 8 0 5 9 0 25 0 11 24 5 8 14 17 5 20 17 0 8 20 14 8 25 25 5 2 5 
Time cost: 3.3397457599639893s

Result: 11895
Status of facilities: 1 0 1 0 0 1 0 1 1 1 0 1 0 1 1 0 0 1 0 0 1 0 0 0 1 1 0 0 0 0 
The assignment of customers to facilities: 20 11 13 2 20 5 2 9 14 17 9 8 8 20 17 14 14 17 25 11 2 0 5 17 5 8 2 24 5 9 5 25 13 25 20 20 24 24 0 14 0 14 24 8 24 14 7 13 11 8 5 14 14 5 13 20 17 11 0 14 0 5 20 11 11 11 9 0 9 9 13 20 11 17 24 8 9 20 14 24 20 7 13 17 17 17 17 7 20 5 2 24 17 11 17 24 2 2 25 20 8 17 17 25 2 25 7 11 14 8 14 2 2 11 11 25 24 24 24 24 5 8 25 13 8 0 5 9 0 25 0 11 24 5 8 14 7 5 20 17 0 8 20 14 8 25 25 5 2 5 
Time cost: 3.285654067993164s

Result: 11914
Status of facilities: 1 0 1 0 0 1 0 1 1 1 0 1 0 1 1 0 0 1 0 0 1 0 0 0 1 1 0 0 0 0 
The assignment of customers to facilities: 20 11 13 2 20 5 2 9 14 17 9 8 8 20 2 14 17 17 5 11 2 0 9 17 5 8 2 24 5 9 5 25 13 25 20 20 24 24 7 14 0 14 24 8 24 14 7 13 11 8 25 14 14 5 13 20 17 11 0 14 0 5 20 11 11 11 24 0 9 9 20 20 11 17 24 8 9 20 14 24 20 7 13 17 17 17 17 0 20 5 2 24 17 11 17 9 2 2 25 13 8 17 17 25 2 25 7 11 14 8 14 14 2 11 11 25 24 24 24 24 5 8 25 13 8 0 5 9 0 25 0 11 24 5 8 14 7 5 20 17 0 8 20 14 8 25 25 5 2 5 
Time cost: 3.311643600463867s

Result: 12183
Status of facilities: 1 0 1 0 0 1 0 1 1 0 0 1 0 1 1 0 0 1 0 0 1 0 0 0 1 1 0 0 0 1 
The assignment of customers to facilities: 20 11 13 2 20 5 2 24 14 17 5 8 8 20 17 14 14 17 5 11 2 0 29 17 29 8 2 24 5 24 29 25 13 25 20 20 24 5 0 14 0 14 24 8 24 14 7 13 11 8 29 14 14 5 13 20 17 11 0 14 0 5 20 11 11 11 24 0 24 29 20 20 11 17 24 8 5 20 2 24 20 7 13 17 2 17 17 7 20 29 2 25 17 11 17 5 2 2 29 13 8 17 17 25 2 29 17 11 14 8 14 14 2 11 11 25 24 24 24 24 5 8 25 13 8 0 5 5 0 25 0 11 24 29 8 14 7 25 20 17 0 8 20 14 8 25 25 5 2 5 
Time cost: 3.3003084659576416s

Result: 11871
Status of facilities: 1 0 1 0 0 1 0 1 1 0 0 1 0 1 1 1 0 1 0 0 1 0 0 0 1 1 0 0 0 0 
The assignment of customers to facilities: 20 11 13 2 20 5 2 24 14 17 5 8 8 20 2 14 14 17 5 11 2 0 5 17 25 8 2 24 5 24 25 25 13 25 20 20 24 15 0 14 0 14 15 8 24 14 7 13 11 8 25 14 14 5 13 20 17 11 0 14 0 5 20 11 11 11 24 0 5 5 13 20 11 17 24 8 24 20 2 24 20 7 13 17 2 17 17 7 20 5 2 24 17 11 17 24 2 2 25 20 8 17 17 25 2 25 17 11 14 8 14 14 2 11 11 25 24 15 24 24 5 8 25 13 8 0 5 15 0 25 0 11 24 25 8 14 17 5 20 17 0 8 20 14 8 25 25 5 2 5 
Time cost: 3.28994083404541s

