Begin: 89472

Result: 14496
Status of facilities: 1 0 1 0 0 1 0 1 1 1 0 1 0 1 1 0 0 1 0 0 1 0 0 0 1 1 0 0 0 0 
The assignment of customers to facilities: 20 11 13 2 20 5 2 9 14 17 9 8 8 20 17 14 14 17 5 11 2 0 5 17 9 8 2 24 5 24 5 25 13 25 20 20 24 24 0 14 0 14 24 8 24 14 0 13 11 8 5 2 14 5 13 20 17 11 11 14 0 5 20 11 11 11 9 0 9 9 20 20 11 17 24 8 24 20 14 9 20 7 13 17 2 17 17 7 20 5 2 24 17 11 17 9 2 2 25 13 8 17 17 25 2 25 17 11 14 8 14 14 2 11 11 25 24 24 24 24 5 8 25 13 8 0 5 9 0 25 0 11 24 5 8 14 7 5 20 17 0 8 20 14 8 25 25 5 2 5 
Time cost: 3.4366261959075928s

Result: 13998
Status of facilities: 1 0 1 0 0 1 0 0 1 1 0 1 0 1 1 0 0 1 0 0 1 0 0 0 1 1 0 0 0 0 
The assignment of customers to facilities: 20 11 13 2 20 5 2 9 14 17 9 8 8 20 2 14 14 17 5 11 2 0 9 17 5 8 2 24 5 24 5 25 13 25 20 20 24 24 0 14 0 14 24 8 24 14 0 13 11 8 25 14 14 5 13 20 17 11 0 14 0 5 20 11 11 11 9 0 9 9 20 20 11 17 24 8 9 20 14 9 20 0 13 17 17 17 17 0 20 5 2 24 17 11 17 24 2 2 25 13 8 17 17 25 2 25 17 11 14 8 14 2 2 11 11 25 24 24 24 24 5 8 25 13 8 0 5 9 0 25 0 11 24 5 8 14 0 5 20 17 0 8 20 14 8 25 25 5 2 5 
Time cost: 3.4854066371917725s

Result: 14492
Status of facilities: 1 0 1 0 0 1 0 1 1 1 0 1 0 1 1 0 0 1 0 0 1 0 0 0 1 1 0 0 0 0 
The assignment of customers to facilities: 20 11 13 2 20 5 2 9 8 17 24 8 8 20 17 14 14 17 5 11 2 0 5 17 5 8 2 24 5 24 5 25 13 25 20 20 24 24 0 14 0 14 24 8 24 14 0 13 11 8 5 14 14 5 13 20 17 11 0 14 0 5 20 11 11 11 9 0 9 9 20 20 11 17 24 8 9 20 14 9 20 7 13 17 17 17 17 7 20 5 2 24 17 11 17 9 2 2 25 13 8 17 17 25 2 25 7 11 14 8 14 14 2 11 11 25 24 24 24 24 5 8 25 13 8 0 5 9 0 25 0 11 24 25 8 14 7 5 20 17 0 8 20 14 8 25 25 5 2 5 
Time cost: 3.2788093090057373s

Result: 14161
Status of facilities: 1 0 1 0 0 1 0 1 1 0 0 1 0 1 1 0 0 1 0 0 1 0 0 0 1 1 0 0 0 0 
The assignment of customers to facilities: 20 11 13 2 20 5 2 5 14 17 5 8 8 20 2 14 14 17 25 11 2 0 11 17 25 8 2 24 5 24 5 25 13 25 20 20 24 24 0 14 0 14 24 8 24 14 0 13 11 8 25 2 14 5 13 20 17 11 11 14 0 5 20 11 11 11 24 0 25 25 20 13 11 17 24 8 24 20 14 24 20 7 13 17 17 17 17 7 20 5 2 24 17 11 17 24 2 2 25 20 8 17 17 25 2 25 17 11 14 8 14 14 2 11 11 25 24 24 5 5 5 8 25 13 8 0 5 25 0 25 0 11 24 11 8 14 7 5 20 17 0 8 20 14 8 25 25 5 2 5 
Time cost: 3.315340280532837s

Result: 14011
Status of facilities: 1 0 1 0 0 1 0 0 1 1 0 1 0 1 1 0 0 1 0 0 1 0 0 0 1 1 0 0 0 0 
The assignment of customers to facilities: 20 11 13 14 20 5 2 9 14 17 9 8 8 20 2 14 14 17 5 11 2 0 5 17 9 8 2 24 5 9 5 25 13 25 20 20 24 24 0 14 0 14 24 8 24 14 0 13 11 8 5 2 14 5 13 20 17 11 0 14 0 5 20 11 11 11 9 0 5 9 13 20 11 17 24 8 24 20 14 24 20 0 13 17 17 17 17 0 20 5 2 24 17 11 17 5 2 2 25 20 8 17 17 25 2 25 17 11 14 8 14 14 2 11 11 25 24 24 24 24 5 8 25 20 8 0 5 9 0 25 0 11 24 25 8 14 0 5 20 17 0 8 20 14 8 25 25 5 2 5 
Time cost: 3.281313180923462s

Result: 14502
Status of facilities: 1 0 1 0 0 1 0 1 1 1 0 1 0 1 1 0 0 1 0 0 1 0 0 0 1 1 0 0 0 0 
The assignment of customers to facilities: 20 11 13 2 20 5 2 24 14 17 9 8 8 20 17 14 14 17 5 11 2 0 5 17 9 8 2 24 5 9 5 25 13 25 20 20 24 24 0 14 0 8 24 8 24 14 7 13 11 8 25 14 14 5 13 20 17 11 0 14 0 5 20 11 11 11 9 0 9 24 20 20 11 17 24 8 9 20 14 9 20 7 13 17 17 17 17 7 20 5 2 24 17 11 17 5 2 2 25 13 8 17 17 25 2 25 7 11 14 8 14 14 2 11 11 25 24 24 24 24 5 8 25 13 8 0 5 9 0 25 0 11 24 5 8 14 7 5 20 17 0 8 20 14 8 25 25 5 2 5 
Time cost: 3.3186779022216797s

Result: 14004
Status of facilities: 1 0 1 0 0 1 0 0 1 1 0 1 0 1 1 0 0 1 0 0 1 0 0 0 1 1 0 0 0 0 
The assignment of customers to facilities: 20 11 13 2 13 5 2 9 14 17 24 8 8 20 2 14 14 17 5 11 2 0 5 17 9 8 2 24 5 24 5 25 13 25 20 20 24 24 0 14 0 14 24 8 24 14 0 13 11 8 5 2 14 5 13 20 17 11 11 14 0 5 20 11 11 11 9 0 9 9 20 20 11 17 24 8 9 20 14 9 20 0 13 17 17 17 17 0 20 5 2 24 17 11 17 9 2 2 25 13 8 17 17 25 2 25 17 11 14 8 14 14 2 11 11 25 24 24 24 24 5 8 25 13 8 0 5 9 0 25 0 11 24 5 8 14 0 5 20 17 0 8 20 14 8 25 25 5 2 5 
Time cost: 3.372382879257202s

Result: 14282
Status of facilities: 1 0 1 0 0 1 0 1 1 0 0 1 0 1 1 0 0 1 0 0 1 0 0 0 1 1 0 0 0 0 
The assignment of customers to facilities: 20 11 13 2 20 5 2 24 14 17 5 8 8 20 17 14 14 17 25 11 2 0 5 17 25 8 2 24 5 25 25 25 13 25 20 20 24 24 0 14 0 14 24 8 24 14 7 13 11 8 5 14 14 5 13 20 17 11 0 14 0 5 20 11 11 11 24 0 25 5 20 20 11 17 24 8 5 20 14 24 20 7 13 17 17 17 2 7 20 5 2 24 17 11 17 24 2 2 25 13 8 17 17 25 2 25 17 11 14 8 14 2 2 11 11 25 24 24 24 11 5 8 25 13 8 0 5 5 0 11 0 11 24 25 8 14 7 25 20 17 0 8 20 14 8 25 25 5 2 5 
Time cost: 3.2954399585723877s

Result: 14490
Status of facilities: 1 0 1 0 0 1 0 1 1 1 0 1 0 1 1 0 0 1 0 0 1 0 0 0 1 1 0 0 0 0 
The assignment of customers to facilities: 20 11 13 2 20 5 2 9 14 17 9 8 8 20 17 14 14 17 5 11 2 0 5 17 5 8 2 24 5 24 5 25 13 25 20 20 24 24 7 14 0 14 24 8 24 14 7 13 11 8 5 14 14 5 13 20 17 11 11 14 0 5 20 11 11 11 9 0 9 9 20 20 11 17 24 8 9 20 2 9 20 7 13 17 17 17 17 7 20 5 2 24 17 11 17 9 2 2 25 13 8 17 17 25 2 25 7 11 14 8 14 14 2 11 11 25 24 24 24 24 5 8 25 13 8 0 5 9 0 25 0 11 24 25 8 14 7 5 20 17 0 8 20 14 8 25 25 5 2 5 
Time cost: 3.2555670738220215s

Result: 14194
Status of facilities: 1 0 1 0 0 1 0 0 1 0 0 1 0 1 1 0 0 1 0 0 1 0 0 0 1 1 0 0 0 1 
The assignment of customers to facilities: 20 11 13 2 20 5 2 24 14 17 29 8 8 20 2 8 14 17 25 11 2 0 29 17 29 8 2 24 5 5 29 25 13 25 20 20 24 24 0 14 0 14 24 8 24 14 0 13 11 8 29 14 14 5 13 20 17 11 0 14 0 5 20 11 11 11 5 0 24 29 20 20 11 17 5 8 24 20 14 24 20 0 13 17 2 17 17 0 20 29 2 24 17 11 17 5 2 2 25 13 8 17 17 25 2 29 17 11 14 8 14 14 2 11 11 25 24 24 24 24 5 8 25 13 8 0 5 5 0 29 0 11 24 29 8 14 17 5 20 17 0 8 20 14 8 25 25 5 2 5 
Time cost: 3.2619497776031494s

Result: 14188
Status of facilities: 1 0 1 0 0 1 0 1 1 0 0 1 0 1 1 0 0 1 0 0 1 0 0 0 1 1 0 0 0 0 
The assignment of customers to facilities: 20 11 13 2 20 5 2 24 14 17 25 8 8 20 17 14 14 17 25 11 2 0 5 17 25 8 2 24 5 24 25 25 13 25 20 20 24 24 0 14 0 14 24 8 24 14 0 13 11 8 5 14 14 5 13 20 17 11 11 14 0 5 20 11 11 11 11 0 5 25 20 13 11 17 24 8 25 20 2 5 20 7 20 17 2 17 17 7 20 5 2 24 17 11 17 5 2 2 25 13 8 17 17 11 2 25 7 11 14 8 14 14 2 11 11 11 24 24 5 24 5 8 25 13 8 0 5 24 0 25 0 11 24 25 8 14 17 5 20 17 0 8 20 14 8 25 25 5 2 5 
Time cost: 3.2705953121185303s

Result: 14002
Status of facilities: 1 0 1 0 0 1 0 0 1 1 0 1 0 1 1 0 0 1 0 0 1 0 0 0 1 1 0 0 0 0 
The assignment of customers to facilities: 20 11 13 2 20 5 2 9 14 17 9 8 8 20 17 14 14 17 5 11 2 0 5 17 9 8 2 24 5 9 5 25 13 25 20 20 24 24 0 14 0 14 24 8 24 14 0 13 11 8 5 14 14 5 20 20 17 11 11 14 0 5 20 11 11 11 9 0 9 24 13 20 11 17 24 8 9 20 2 24 20 0 13 17 17 17 2 0 20 5 2 24 17 11 17 9 2 2 25 13 8 17 17 25 2 25 17 11 14 8 14 14 2 11 11 25 24 24 24 24 5 8 25 13 8 0 5 9 0 25 0 11 24 5 8 14 0 5 20 17 0 8 20 14 8 25 25 5 2 5 
Time cost: 3.236961603164673s

Result: 14220
Status of facilities: 1 0 1 0 0 1 0 0 1 0 0 1 0 1 1 0 0 1 0 0 1 0 0 0 1 1 0 1 0 0 
The assignment of customers to facilities: 20 11 13 2 20 5 2 24 14 17 5 8 8 20 17 14 14 17 25 11 2 0 25 2 5 8 2 24 5 25 25 25 13 11 20 20 24 5 0 14 0 14 24 8 24 14 0 13 27 8 25 2 14 5 13 20 17 11 11 14 0 5 20 11 11 11 24 0 25 25 20 20 11 17 24 8 25 20 14 5 20 0 13 17 17 17 17 0 20 5 2 24 0 11 17 5 2 2 25 13 8 17 17 25 2 25 17 11 14 8 14 14 2 11 11 27 24 24 24 24 5 8 25 13 8 0 5 24 0 25 0 11 24 25 8 14 17 5 20 17 0 8 20 14 8 27 25 5 2 5 
Time cost: 3.246070623397827s

Result: 14191
Status of facilities: 1 0 1 0 0 1 0 0 1 0 0 1 0 1 1 0 0 1 0 0 1 0 0 0 1 1 0 0 0 1 
The assignment of customers to facilities: 20 11 13 2 20 5 2 24 14 17 5 8 8 20 17 14 14 17 5 11 2 0 29 17 29 8 2 24 5 24 29 25 13 25 20 20 24 24 0 14 0 14 24 8 24 14 0 13 11 8 29 2 14 5 13 20 2 11 11 14 0 5 20 11 11 11 24 0 29 29 20 20 11 17 24 8 5 20 14 5 20 0 13 17 2 17 17 0 20 29 2 5 17 11 17 24 2 2 25 13 8 17 17 25 2 29 17 11 14 8 14 14 2 11 11 25 24 24 24 24 5 8 25 13 8 0 5 5 0 25 0 11 24 29 8 14 17 25 20 17 0 8 20 14 8 25 25 5 2 5 
Time cost: 3.2517449855804443s

Result: 14490
Status of facilities: 1 0 1 0 0 1 0 1 1 1 0 1 0 1 1 0 0 1 0 0 1 0 0 0 1 1 0 0 0 0 
The assignment of customers to facilities: 20 11 13 2 13 5 2 24 14 17 9 8 8 20 17 14 14 17 5 11 2 0 5 17 5 8 2 24 5 9 5 25 13 25 20 20 24 24 0 14 0 14 24 8 24 14 0 13 11 8 5 14 14 5 13 20 17 11 0 14 0 5 20 11 11 11 9 0 9 9 20 20 11 17 24 8 9 20 2 24 20 7 13 17 17 17 17 7 20 5 2 24 17 11 17 9 2 2 25 13 8 17 17 25 2 25 7 11 14 8 14 14 2 11 11 25 24 24 24 24 5 8 25 13 8 0 5 9 0 25 0 11 24 25 8 14 7 5 20 17 0 8 20 14 8 25 25 5 2 5 
Time cost: 3.2346885204315186s

Result: 14268
Status of facilities: 1 0 1 0 0 1 0 1 1 0 0 1 0 1 1 0 0 1 0 0 1 0 0 0 1 1 0 0 0 0 
The assignment of customers to facilities: 20 11 13 2 20 5 2 24 14 17 25 8 8 20 2 14 14 17 25 11 2 0 5 17 11 8 2 24 24 24 25 25 13 25 20 20 24 24 0 14 0 14 5 8 24 14 7 13 11 8 25 14 14 5 13 20 17 25 0 14 0 5 20 11 11 11 24 0 5 25 20 20 11 17 24 8 25 20 14 24 20 7 13 17 2 17 17 7 20 25 2 5 17 11 17 24 2 17 25 13 8 17 17 25 2 25 17 11 14 8 14 2 2 11 11 11 24 24 5 5 5 8 25 13 8 0 5 24 0 11 0 11 24 25 8 14 7 5 20 17 0 8 20 14 8 25 25 5 2 5 
Time cost: 3.250387191772461s

Result: 14003
Status of facilities: 1 0 1 0 0 1 0 0 1 1 0 1 0 1 1 0 0 1 0 0 1 0 0 0 1 1 0 0 0 0 
The assignment of customers to facilities: 20 11 13 2 13 5 2 9 8 17 9 8 8 20 2 14 14 17 25 11 2 0 5 17 5 8 2 24 5 24 5 25 13 25 20 20 24 24 0 14 0 14 24 8 24 14 0 13 11 8 25 14 14 5 13 20 17 11 11 14 0 5 20 11 11 11 9 0 5 9 20 20 11 17 24 8 9 20 14 9 20 0 13 17 17 17 17 0 20 5 2 24 17 11 17 24 2 2 25 13 8 17 17 25 2 25 17 11 14 8 14 14 2 11 11 11 24 24 24 24 5 8 25 13 8 0 5 9 0 25 0 11 24 5 8 14 0 5 20 17 0 8 20 14 8 25 25 5 2 5 
Time cost: 3.248133897781372s

Result: 14256
Status of facilities: 1 0 1 0 0 1 0 1 1 0 0 1 0 1 1 0 0 1 0 0 1 0 0 0 1 1 0 0 0 0 
The assignment of customers to facilities: 20 25 13 2 20 5 2 24 14 17 24 8 8 20 17 14 14 17 25 11 2 0 5 17 25 8 2 24 5 5 25 25 13 25 20 20 24 5 0 14 0 14 24 8 24 14 0 13 11 8 25 2 14 5 13 20 17 11 0 14 0 5 20 11 11 11 24 0 24 25 20 20 11 17 24 8 5 20 14 5 20 7 13 17 17 17 17 7 20 5 2 24 17 11 17 5 2 2 25 8 8 17 17 25 2 25 7 11 14 8 14 14 2 11 11 11 24 24 24 24 5 8 25 13 8 0 25 11 0 11 0 11 24 25 8 14 7 5 20 17 0 8 20 14 8 11 25 5 2 5 
Time cost: 3.2537224292755127s

Result: 14004
Status of facilities: 1 0 1 0 0 1 0 0 1 1 0 1 0 1 1 0 0 1 0 0 1 0 0 0 1 1 0 0 0 0 
The assignment of customers to facilities: 20 11 13 2 20 5 2 24 14 17 9 8 8 20 2 14 14 17 5 11 2 0 5 17 5 8 2 24 5 9 5 25 13 25 20 20 24 24 0 14 0 14 24 8 24 14 0 13 11 8 5 2 14 5 13 20 17 11 0 14 0 5 20 11 11 11 9 0 9 9 20 20 11 17 24 8 9 20 14 24 20 0 13 17 17 17 17 0 20 5 2 24 17 11 17 9 2 2 25 13 8 17 17 25 2 25 0 11 14 8 14 14 2 11 11 25 24 24 24 24 5 8 25 13 8 0 5 9 0 25 0 11 24 25 8 14 17 5 20 17 0 8 20 14 8 25 25 5 2 5 
Time cost: 3.229856014251709s

Result: 14227
Status of facilities: 1 0 1 0 0 1 0 1 1 0 0 1 0 1 1 0 0 1 0 0 1 0 0 0 1 1 0 0 0 0 
The assignment of customers to facilities: 20 11 13 2 20 5 2 24 14 17 24 8 8 20 2 14 14 17 25 11 2 0 25 17 11 8 2 24 5 5 25 25 13 25 20 20 24 5 0 14 0 14 24 8 24 14 0 13 11 8 25 2 14 5 13 20 17 11 0 14 0 5 20 11 11 11 24 0 5 5 20 20 11 17 24 8 24 20 14 24 20 7 13 17 17 17 17 7 20 5 2 5 17 11 17 5 2 2 25 13 8 17 17 25 2 25 17 11 14 8 14 14 2 11 11 25 24 24 24 24 5 8 25 13 8 0 5 25 0 11 0 11 24 25 8 14 7 25 20 17 0 8 20 14 8 25 25 5 2 5 
Time cost: 3.2617576122283936s

Result: 13997
Status of facilities: 1 0 1 0 0 1 0 0 1 1 0 1 0 1 1 0 0 1 0 0 1 0 0 0 1 1 0 0 0 0 
The assignment of customers to facilities: 20 11 13 2 20 5 2 9 14 17 24 8 8 20 2 14 14 17 5 11 2 0 5 17 5 8 2 24 5 9 5 25 13 25 20 20 24 24 0 14 0 14 24 8 24 14 0 13 11 8 5 14 14 5 13 20 17 11 11 14 0 5 20 11 11 11 9 0 9 9 20 20 11 17 24 8 9 20 14 24 20 0 13 17 2 17 17 0 20 5 2 24 17 11 17 9 2 2 25 13 8 17 17 25 2 25 17 11 14 8 14 2 2 11 11 25 24 24 24 24 5 8 25 13 8 0 5 9 0 25 0 11 24 25 8 14 17 5 20 17 0 8 20 14 8 25 25 5 2 5 
Time cost: 3.246652841567993s

Result: 14490
Status of facilities: 1 0 1 0 0 1 0 1 1 1 0 1 0 1 1 0 0 1 0 0 1 0 0 0 1 1 0 0 0 0 
The assignment of customers to facilities: 20 11 13 2 20 5 2 9 14 17 24 8 8 20 17 14 14 17 5 11 2 0 9 17 5 8 2 24 5 9 5 25 13 25 20 20 24 24 7 14 0 14 24 8 24 14 7 13 11 8 25 14 14 5 13 20 17 11 11 14 0 5 20 11 11 11 9 0 9 9 20 20 11 17 24 8 9 20 2 24 20 7 13 17 17 17 17 7 20 5 2 24 17 11 17 9 2 2 25 13 8 17 17 25 2 25 7 11 14 8 14 14 2 11 11 25 24 24 24 24 5 8 25 13 8 0 5 9 0 25 0 11 24 5 8 14 7 5 20 17 0 8 20 14 8 25 25 5 2 5 
Time cost: 3.2383882999420166s

Result: 14495
Status of facilities: 1 0 1 0 0 1 0 1 1 1 0 1 0 1 1 0 0 1 0 0 1 0 0 0 1 1 0 0 0 0 
The assignment of customers to facilities: 20 11 13 2 20 5 2 9 14 17 9 8 8 20 17 14 14 17 25 11 2 0 5 17 5 8 2 24 5 24 5 25 20 25 20 20 24 24 0 14 0 14 24 8 24 14 0 13 11 8 5 14 14 5 13 20 17 11 11 14 0 5 20 11 11 11 9 0 24 9 13 20 11 17 24 8 9 20 2 9 20 7 13 17 2 17 17 7 20 5 2 24 17 11 17 9 2 14 25 13 8 17 17 25 2 25 7 11 14 8 14 14 2 11 11 25 24 24 24 24 5 8 25 13 8 0 5 9 0 25 0 11 24 5 8 14 17 5 20 17 0 8 20 14 8 25 25 5 2 5 
Time cost: 3.2419238090515137s

Result: 14545
Status of facilities: 1 0 1 0 0 1 0 1 1 0 0 1 0 0 1 0 0 1 0 0 1 0 0 0 1 1 0 0 0 1 
The assignment of customers to facilities: 20 11 14 2 20 5 17 5 14 17 5 8 8 20 7 8 17 17 25 11 2 0 29 2 29 8 2 24 5 5 29 25 2 25 20 20 24 24 0 14 0 14 24 17 24 14 0 20 11 8 29 14 14 5 8 20 17 11 11 14 0 5 20 11 11 11 5 0 24 29 14 8 11 17 24 8 5 20 2 24 20 7 20 17 17 17 17 7 20 5 2 24 17 11 7 24 2 2 25 8 14 17 17 25 2 29 7 11 8 8 14 2 2 11 11 25 24 24 24 24 5 8 25 20 8 0 5 29 0 29 0 11 24 29 14 14 7 5 20 17 0 8 20 14 8 25 25 5 2 5 
Time cost: 3.2777302265167236s

Result: 13996
Status of facilities: 1 0 1 0 0 1 0 0 1 1 0 1 0 1 1 0 0 1 0 0 1 0 0 0 1 1 0 0 0 0 
The assignment of customers to facilities: 20 11 13 2 20 5 2 9 14 17 9 8 8 20 17 14 14 17 5 11 2 0 5 17 9 8 2 24 5 24 5 25 13 25 20 20 24 24 0 14 0 14 24 8 24 14 0 13 11 8 25 14 14 5 13 20 17 11 11 14 0 5 20 11 11 11 9 0 24 9 20 20 11 17 24 8 9 20 2 9 20 0 13 17 2 17 17 0 20 5 2 24 17 11 17 9 2 2 25 13 8 17 17 25 2 25 17 11 14 8 14 14 2 11 11 25 24 24 24 24 5 8 25 13 8 0 5 9 0 25 0 11 24 5 8 14 0 5 20 17 0 8 20 14 8 25 25 5 2 5 
Time cost: 3.240875482559204s

Result: 14003
Status of facilities: 1 0 1 0 0 1 0 0 1 1 0 1 0 1 1 0 0 1 0 0 1 0 0 0 1 1 0 0 0 0 
The assignment of customers to facilities: 20 11 13 2 20 5 2 9 8 17 9 8 8 20 2 14 14 17 25 11 2 0 5 17 5 8 2 24 5 24 5 25 13 25 20 20 24 24 0 14 0 14 24 8 24 14 0 13 11 8 5 14 14 5 13 20 17 11 0 14 0 5 20 11 11 11 9 0 5 9 20 20 11 17 24 8 24 20 14 9 20 0 13 17 17 17 17 0 20 5 2 24 17 11 17 9 2 2 25 13 8 17 17 25 2 25 17 11 14 8 14 14 2 11 11 25 24 24 24 24 5 8 25 13 8 0 5 9 0 25 0 11 24 25 8 14 0 5 20 17 0 8 20 14 8 25 25 5 2 5 
Time cost: 3.261845588684082s

Result: 14614
Status of facilities: 1 0 1 0 0 1 0 1 1 1 0 1 0 0 1 0 1 1 0 0 1 0 0 0 1 1 0 0 0 0 
The assignment of customers to facilities: 20 11 16 2 8 5 2 9 14 17 9 16 8 20 2 14 14 17 5 11 2 0 5 17 24 8 2 24 5 9 5 25 16 25 20 20 24 24 0 14 0 14 24 8 24 14 7 8 11 8 5 14 14 5 20 20 17 11 11 14 0 5 20 11 11 11 9 0 9 9 8 8 11 17 24 8 24 20 14 9 20 7 20 17 2 17 17 7 20 5 2 24 17 11 17 9 2 2 25 16 8 17 17 25 2 25 17 11 14 8 14 2 2 11 11 25 24 24 24 24 5 8 25 20 16 0 5 9 0 25 0 11 24 5 8 14 17 5 20 17 0 8 20 14 8 25 25 5 2 5 
Time cost: 3.2871432304382324s

Result: 14190
Status of facilities: 1 0 1 0 0 1 0 0 1 0 0 1 0 1 1 0 0 1 0 0 1 0 0 0 1 1 0 0 0 1 
The assignment of customers to facilities: 20 11 13 2 20 5 2 5 14 17 5 8 8 20 17 14 14 17 25 11 2 0 5 17 5 8 2 24 5 5 29 25 13 25 20 20 24 5 11 14 0 14 24 8 24 14 0 13 11 8 29 14 14 5 13 20 17 11 0 14 0 5 20 11 11 11 24 0 5 29 20 20 11 17 24 8 24 20 2 24 20 0 13 17 2 17 17 0 20 29 2 24 17 11 17 24 2 2 25 13 8 17 17 25 2 29 17 11 14 8 14 14 2 11 11 25 24 24 24 24 5 8 25 13 8 0 5 29 0 25 0 11 24 29 8 14 0 25 20 17 0 8 20 14 8 25 25 5 2 5 
Time cost: 3.3215065002441406s

Result: 14086
Status of facilities: 1 0 1 0 0 1 0 0 1 1 0 1 0 0 1 0 0 1 0 0 1 0 0 0 1 1 0 0 1 0 
The assignment of customers to facilities: 20 11 8 2 20 5 2 9 14 17 24 8 28 20 17 14 14 17 5 11 2 0 9 17 5 8 2 24 5 9 25 25 8 25 20 20 24 24 0 14 0 14 24 28 24 14 0 20 11 8 5 14 14 5 8 20 17 11 0 14 0 5 20 11 11 11 9 0 9 9 8 20 11 17 24 8 9 20 14 24 20 0 8 17 17 17 2 0 20 5 2 24 17 11 17 9 2 2 25 28 8 17 17 25 2 25 0 11 28 28 14 14 2 11 11 25 24 24 24 24 5 8 25 20 8 0 5 9 0 25 0 11 24 5 28 14 17 5 20 17 0 8 20 14 8 25 25 5 2 5 
Time cost: 3.3167600631713867s

Result: 14646
Status of facilities: 1 0 1 0 0 1 0 1 1 0 0 1 0 1 1 0 0 1 0 0 1 0 0 0 1 1 0 0 0 1 
The assignment of customers to facilities: 20 11 20 2 20 5 2 24 14 17 29 8 8 20 17 14 14 17 25 11 2 0 29 17 5 8 2 24 5 29 29 25 13 25 20 20 24 5 0 14 0 14 24 8 24 14 0 13 11 8 29 14 14 5 13 20 17 11 0 14 0 5 20 11 11 11 24 0 29 5 13 20 11 17 24 8 5 20 2 24 20 7 13 17 2 17 17 7 20 5 2 24 17 11 17 24 2 2 25 13 8 17 17 25 2 29 7 11 14 8 14 14 2 11 11 25 24 24 24 24 5 8 25 13 8 0 5 29 0 29 0 11 24 29 8 14 17 5 20 17 0 8 20 14 8 25 25 5 2 5 
Time cost: 3.317697525024414s

