Begin: 91672

Result: 17054
Status of facilities: 1 0 1 0 0 1 0 1 1 1 0 1 0 0 1 0 0 1 0 0 1 0 0 0 1 1 0 0 0 0 
The assignment of customers to facilities: 20 11 14 2 8 5 2 9 14 17 9 8 8 20 17 14 14 17 5 11 2 0 5 17 5 8 2 24 5 9 5 25 20 25 14 20 24 24 0 14 0 14 24 2 24 14 7 20 11 8 5 2 14 5 20 20 17 11 11 14 0 5 20 11 11 11 24 0 9 24 8 8 11 17 24 17 9 20 2 9 20 7 8 17 17 17 17 7 20 5 2 24 7 11 17 9 2 7 25 8 8 17 17 25 2 25 7 11 8 8 14 2 2 11 11 25 24 24 24 24 5 14 25 20 8 0 5 9 0 25 0 11 24 25 8 14 7 5 20 17 0 8 20 14 8 25 25 5 2 5 
Time cost: 3.5123510360717773s

Result: 17090
Status of facilities: 1 0 1 0 0 1 0 1 1 1 0 1 0 1 1 0 0 1 0 0 1 0 0 0 1 1 0 0 0 0 
The assignment of customers to facilities: 20 11 13 2 20 5 2 9 14 17 9 8 8 20 17 14 14 17 25 11 2 0 5 17 5 8 2 24 5 9 5 25 13 25 20 20 24 24 0 14 0 14 24 8 24 14 7 13 11 8 5 14 14 5 13 20 17 11 11 14 0 5 20 11 11 11 9 0 9 9 20 20 11 17 24 8 9 20 2 24 20 7 13 17 2 17 17 7 20 5 2 24 17 11 17 9 2 2 25 13 8 17 17 25 2 25 17 11 14 8 14 14 2 11 11 25 24 24 24 24 5 8 25 13 8 0 5 9 0 25 0 11 24 5 8 14 7 5 20 17 0 8 20 14 8 25 25 5 2 5 
Time cost: 3.3119494915008545s

Result: 16408
Status of facilities: 1 0 1 0 0 1 0 0 1 1 0 1 0 1 1 0 0 1 0 0 1 0 0 0 1 1 0 0 0 0 
The assignment of customers to facilities: 20 11 13 2 20 5 2 9 14 17 9 8 8 20 17 14 14 17 5 11 2 0 5 17 5 8 2 24 5 9 5 25 13 25 20 20 24 24 0 14 0 14 24 8 24 14 0 13 11 8 25 14 14 5 13 20 17 11 0 14 0 5 20 11 11 11 9 0 9 24 20 20 11 17 24 8 24 20 2 9 20 0 13 17 2 17 17 0 20 5 2 24 17 11 17 5 2 2 25 8 8 0 17 25 2 25 17 11 14 8 14 14 2 11 11 25 24 24 24 24 5 8 25 13 8 0 5 9 0 25 0 11 24 25 8 14 17 5 20 17 0 8 20 14 8 25 25 5 2 5 
Time cost: 3.285306215286255s

Result: 17070
Status of facilities: 1 0 1 0 0 1 0 0 1 0 0 1 0 1 1 1 0 1 0 0 1 0 0 0 1 1 0 0 0 1 
The assignment of customers to facilities: 20 11 13 2 13 5 2 24 14 17 5 8 8 20 17 14 14 17 25 11 2 0 29 17 29 8 2 24 5 24 29 25 13 25 20 20 24 15 0 14 0 14 15 8 24 14 0 13 11 8 29 14 14 5 13 20 17 11 11 14 0 5 20 11 11 11 24 0 5 5 20 20 11 17 24 8 24 20 14 24 20 0 13 17 17 17 17 0 20 5 2 24 17 11 17 5 2 2 25 13 8 17 17 25 2 29 0 11 14 8 14 2 2 11 11 25 24 15 5 24 5 8 25 20 8 0 5 24 0 29 0 11 24 29 8 14 0 5 20 17 0 8 20 14 8 25 25 5 2 5 
Time cost: 3.4437010288238525s

Result: 17287
Status of facilities: 1 0 1 0 0 1 0 1 1 0 0 1 0 1 1 0 0 1 0 0 1 0 0 0 1 1 0 0 0 1 
The assignment of customers to facilities: 20 11 13 2 20 5 2 24 14 17 5 8 8 20 17 14 14 17 25 11 2 0 29 17 29 8 2 24 5 29 29 25 20 25 20 20 24 24 0 14 0 14 24 8 5 14 7 13 11 8 29 14 14 5 13 20 17 11 11 14 0 5 20 11 11 11 24 0 5 5 13 13 11 17 24 8 24 20 14 5 20 7 13 17 17 17 17 7 20 5 2 24 17 11 17 24 2 2 25 13 8 17 17 25 2 29 7 11 14 8 14 2 2 11 11 25 24 24 24 24 5 8 25 13 8 0 5 5 0 29 0 11 24 29 8 14 7 29 20 17 0 8 20 14 8 25 25 5 2 5 
Time cost: 3.3695859909057617s

Result: 16642
Status of facilities: 1 0 1 0 0 1 0 0 1 1 0 1 0 0 1 0 0 1 0 0 1 0 0 0 1 1 0 0 1 0 
The assignment of customers to facilities: 20 11 8 2 20 5 2 9 14 17 24 20 8 8 17 14 14 17 5 11 2 0 5 2 9 8 2 24 5 9 5 25 8 25 20 20 24 24 0 14 0 14 24 28 24 14 0 8 11 8 5 14 14 5 8 20 17 11 11 14 0 5 20 11 11 11 9 0 24 9 20 20 11 17 24 8 9 20 2 9 20 0 8 17 2 17 17 0 20 5 2 24 17 11 17 9 2 2 25 28 28 17 17 25 2 25 17 11 14 28 14 14 2 11 11 25 24 24 24 24 5 28 25 20 8 0 5 9 0 25 0 11 24 5 8 14 17 5 20 17 0 8 20 14 8 25 25 5 2 5 
Time cost: 3.3144497871398926s

Result: 16415
Status of facilities: 1 0 1 0 0 1 0 0 1 1 0 1 0 1 1 0 0 1 0 0 1 0 0 0 1 1 0 0 0 0 
The assignment of customers to facilities: 20 11 13 2 20 5 2 9 14 17 9 8 8 20 17 14 14 17 5 11 2 0 5 2 5 8 2 24 24 24 5 25 13 25 20 20 24 24 0 14 0 14 24 8 24 14 0 13 11 8 5 2 14 5 13 20 17 11 11 14 0 5 20 11 11 11 9 0 9 9 20 20 11 17 24 8 9 20 14 9 20 0 13 17 17 17 2 0 20 5 2 24 17 11 17 5 2 2 25 13 8 17 17 25 2 25 17 11 14 8 14 14 2 11 11 25 24 24 24 24 5 8 25 13 8 0 5 9 0 25 0 11 24 25 8 14 17 5 20 17 0 8 20 14 8 25 25 5 2 5 
Time cost: 3.313762664794922s

Result: 17093
Status of facilities: 1 0 1 0 0 1 0 1 1 1 0 1 0 1 1 0 0 1 0 0 1 0 0 0 1 1 0 0 0 0 
The assignment of customers to facilities: 20 11 13 2 13 5 2 9 14 17 24 8 8 20 17 14 14 17 5 11 2 0 5 17 5 8 2 24 5 9 5 25 13 25 20 20 24 24 0 14 0 14 24 8 24 14 7 13 11 8 5 14 14 5 13 20 17 11 0 14 0 5 20 11 11 11 9 0 9 9 20 20 11 17 24 8 9 20 14 9 20 7 13 17 2 17 17 7 20 5 2 24 17 11 17 24 2 2 25 13 8 17 17 25 2 25 17 11 14 8 14 2 2 11 11 25 24 24 24 24 5 8 25 13 8 0 5 9 0 25 0 11 24 25 8 14 7 5 20 17 0 8 20 14 8 25 25 5 2 5 
Time cost: 3.296473741531372s

Result: 17094
Status of facilities: 1 0 1 0 0 1 0 1 1 1 0 1 0 1 1 0 0 1 0 0 1 0 0 0 1 1 0 0 0 0 
The assignment of customers to facilities: 20 11 13 2 13 5 2 9 14 17 9 8 8 20 2 14 14 17 5 11 2 0 5 17 9 8 2 24 5 9 5 25 13 25 20 20 24 24 0 14 0 14 24 8 24 14 0 13 11 8 5 14 14 5 13 20 17 11 0 14 0 5 20 11 11 11 9 0 9 24 13 20 11 17 24 8 9 20 2 24 20 7 13 17 17 17 17 7 20 5 2 24 17 11 17 9 2 2 25 13 8 17 17 25 2 25 17 11 14 8 14 14 2 11 11 25 24 24 24 24 5 8 25 13 8 0 5 9 0 25 0 11 24 5 8 14 7 5 20 17 0 8 20 14 8 25 25 5 2 5 
Time cost: 3.308431625366211s

Result: 16408
Status of facilities: 1 0 1 0 0 1 0 0 1 1 0 1 0 1 1 0 0 1 0 0 1 0 0 0 1 1 0 0 0 0 
The assignment of customers to facilities: 20 11 13 2 20 5 2 9 14 17 24 8 8 20 17 14 14 17 5 11 2 0 9 17 5 8 2 24 5 24 5 25 13 25 20 20 24 24 0 14 0 14 24 8 24 14 0 13 11 8 25 14 14 5 13 20 17 11 0 14 0 5 20 11 11 11 9 0 9 9 13 20 11 17 24 8 9 20 14 9 20 0 13 17 2 17 17 0 20 5 2 24 17 11 17 9 2 2 25 20 8 17 17 25 2 25 17 11 8 8 14 14 2 11 11 25 24 24 24 24 5 8 25 13 8 0 5 9 0 25 0 11 24 5 8 14 0 5 20 17 0 8 20 14 8 25 25 5 2 5 
Time cost: 3.325126886367798s

Result: 16540
Status of facilities: 1 0 1 0 0 1 0 0 1 0 0 1 0 1 1 0 0 1 0 0 1 0 0 0 1 1 0 0 0 1 
The assignment of customers to facilities: 20 11 13 2 20 5 2 24 14 17 29 8 8 20 17 14 14 17 25 11 2 0 29 17 29 8 2 24 5 24 29 25 13 25 20 20 24 24 0 14 0 14 5 8 24 14 0 13 11 8 29 14 14 5 13 20 17 11 0 14 0 5 20 11 11 11 24 0 29 5 20 20 11 17 24 8 5 20 2 24 20 0 13 17 2 17 17 0 20 5 2 24 17 11 17 5 2 2 25 13 8 17 17 25 2 29 0 11 14 8 14 14 2 11 11 25 24 24 5 24 5 8 25 13 8 0 5 5 0 25 0 11 24 29 8 14 17 29 20 17 0 8 20 14 8 25 25 5 2 5 
Time cost: 3.306638717651367s

Result: 16508
Status of facilities: 1 0 1 0 0 1 0 0 1 1 0 1 0 0 1 0 1 1 0 0 1 0 0 0 1 1 0 0 0 0 
The assignment of customers to facilities: 8 11 16 2 16 5 2 9 14 17 9 16 8 20 2 14 14 17 25 11 2 0 5 17 5 8 2 24 5 9 5 25 16 25 20 20 24 24 0 14 0 14 24 8 24 14 0 20 11 8 5 14 14 5 8 20 17 11 11 14 0 5 20 11 11 11 9 0 9 9 8 20 11 17 24 8 24 20 2 24 20 0 20 17 17 17 17 0 20 5 2 24 17 11 17 9 2 2 25 16 8 17 17 25 2 25 0 11 14 8 14 14 2 11 11 25 24 24 24 24 5 8 25 20 16 0 5 9 0 25 0 11 24 5 8 14 17 5 20 17 0 8 20 14 8 25 25 5 2 5 
Time cost: 3.3230113983154297s

Result: 16401
Status of facilities: 1 0 1 0 0 1 0 0 1 1 0 1 0 1 1 0 0 1 0 0 1 0 0 0 1 1 0 0 0 0 
The assignment of customers to facilities: 20 11 13 2 20 5 2 9 8 17 9 8 8 20 17 14 14 17 5 11 2 0 5 17 5 8 2 24 5 24 5 25 13 25 20 20 24 24 0 14 0 14 24 8 24 14 0 13 11 8 5 14 14 5 13 20 17 11 11 14 0 5 20 11 11 11 9 0 24 9 20 20 11 17 24 8 9 20 14 9 20 0 13 17 2 17 2 0 20 5 2 24 17 11 17 9 2 2 25 13 8 17 17 25 2 25 17 11 14 8 14 14 2 11 11 25 24 24 24 24 5 8 25 13 8 0 5 9 0 25 0 11 24 25 8 14 17 5 20 17 0 8 20 14 8 25 25 5 2 5 
Time cost: 3.279371738433838s

Result: 16403
Status of facilities: 1 0 1 0 0 1 0 0 1 1 0 1 0 1 1 0 0 1 0 0 1 0 0 0 1 1 0 0 0 0 
The assignment of customers to facilities: 20 11 13 2 20 5 2 9 14 17 9 8 8 20 17 14 14 17 5 11 2 0 9 17 5 8 2 24 5 9 5 25 13 25 20 20 24 24 0 14 0 14 24 8 24 14 0 13 11 8 5 14 14 5 13 20 17 11 0 14 0 5 20 11 11 11 24 0 5 9 13 20 11 17 24 8 9 20 14 9 20 0 20 17 2 17 17 0 20 5 2 24 17 11 17 5 2 2 25 13 8 17 17 25 2 25 17 11 14 8 14 2 2 11 11 25 24 24 24 24 5 8 25 13 8 0 5 9 0 25 0 11 24 25 8 14 0 5 20 17 0 8 20 14 8 25 25 5 2 5 
Time cost: 3.2663686275482178s

Result: 16402
Status of facilities: 1 0 1 0 0 1 0 0 1 1 0 1 0 1 1 0 0 1 0 0 1 0 0 0 1 1 0 0 0 0 
The assignment of customers to facilities: 20 11 13 2 20 5 2 9 8 17 9 8 8 20 17 14 14 17 5 11 2 0 5 2 5 8 2 24 5 9 5 25 13 25 20 20 24 24 0 14 0 14 24 8 24 14 0 13 11 8 25 14 14 5 13 20 17 11 11 14 0 5 20 11 11 11 9 0 9 24 20 20 11 17 24 8 9 20 14 24 20 0 13 17 2 17 17 0 20 5 2 24 17 11 17 9 2 2 25 13 8 17 17 25 2 25 17 11 14 8 14 14 2 11 11 25 24 24 24 24 5 8 25 13 8 0 5 9 0 25 0 11 24 25 8 14 17 5 20 17 0 8 20 14 8 25 25 5 2 5 
Time cost: 3.269334554672241s

Result: 16863
Status of facilities: 1 0 1 0 0 1 0 1 1 0 0 1 0 1 1 0 0 1 0 0 1 0 0 0 1 1 0 0 0 0 
The assignment of customers to facilities: 20 11 13 2 20 5 2 25 14 17 5 8 8 20 2 14 14 17 25 11 2 0 24 17 25 8 2 24 5 24 5 25 13 25 20 20 24 5 0 14 0 14 5 8 24 14 7 13 11 8 25 14 14 5 13 20 17 11 0 14 0 5 20 11 11 11 25 0 5 25 20 13 11 17 24 8 5 20 14 24 20 7 13 17 17 17 17 7 20 5 2 24 17 11 17 5 2 2 25 20 8 17 17 25 2 11 17 11 14 8 14 2 2 11 11 11 24 24 24 24 5 8 25 13 8 0 11 24 0 25 0 11 24 25 8 14 7 5 20 17 0 8 20 14 8 25 25 5 2 5 
Time cost: 3.2821223735809326s

Result: 16538
Status of facilities: 1 0 1 0 0 1 0 0 1 0 0 1 0 1 1 0 0 1 0 0 1 0 0 0 1 1 0 0 0 1 
The assignment of customers to facilities: 20 11 13 2 20 5 2 24 14 17 29 8 8 20 17 14 14 17 25 11 2 0 29 17 5 8 2 24 5 5 29 25 13 25 20 20 24 24 0 14 0 14 24 8 24 14 0 13 11 8 29 14 14 5 13 20 17 11 11 14 0 5 20 11 11 11 24 0 5 5 20 20 11 17 24 8 29 20 2 24 20 0 13 17 2 17 17 0 20 5 2 24 17 11 17 5 2 2 25 13 8 17 17 25 2 29 0 11 14 8 14 14 2 11 11 25 24 24 24 5 5 8 25 13 8 0 5 29 0 25 0 11 24 29 8 14 17 29 20 17 0 8 20 14 8 25 25 5 2 5 
Time cost: 3.303619384765625s

Result: 17101
Status of facilities: 1 0 1 0 0 1 0 1 1 1 0 1 0 1 1 0 0 1 0 0 1 0 0 0 1 1 0 0 0 0 
The assignment of customers to facilities: 20 11 13 2 20 5 2 9 14 17 9 8 8 20 17 14 14 17 5 11 2 0 5 17 9 8 2 24 5 9 5 25 13 25 20 20 24 24 0 14 0 14 24 8 24 14 0 13 11 8 5 14 14 5 13 20 17 11 11 14 0 5 20 11 11 11 9 0 9 9 20 20 11 17 24 8 24 20 2 24 20 7 13 17 17 17 17 7 20 5 2 24 17 11 7 5 2 2 25 13 8 17 17 11 2 25 17 11 14 8 14 14 2 11 11 25 24 24 24 24 5 8 25 13 8 0 5 9 0 25 0 11 24 25 8 14 7 5 20 17 0 8 20 14 8 25 25 5 2 5 
Time cost: 3.287459135055542s

Result: 16430
Status of facilities: 1 0 1 0 0 1 0 0 1 1 0 1 0 1 1 0 0 1 0 0 1 0 0 0 1 1 0 0 0 0 
The assignment of customers to facilities: 20 11 13 2 20 5 2 9 14 17 9 8 8 20 2 8 14 17 5 11 2 0 5 17 9 8 2 24 5 9 5 25 13 25 20 20 24 24 0 14 0 14 24 8 24 14 0 13 11 8 5 14 14 5 13 20 17 25 11 14 0 5 20 11 11 11 9 0 24 24 20 20 11 17 24 8 9 20 14 9 20 0 13 17 17 17 17 0 20 5 2 24 17 11 17 9 2 14 25 13 8 17 17 25 2 25 0 11 14 8 14 14 2 11 11 25 24 24 24 24 5 8 25 13 8 0 5 9 0 25 0 11 24 5 8 14 17 5 20 17 0 8 20 14 8 25 25 5 2 5 
Time cost: 3.2343780994415283s

Result: 16408
Status of facilities: 1 0 1 0 0 1 0 0 1 1 0 1 0 1 1 0 0 1 0 0 1 0 0 0 1 1 0 0 0 0 
The assignment of customers to facilities: 20 11 13 2 20 5 2 9 14 17 9 8 8 20 2 14 14 17 5 11 2 0 5 17 9 8 2 24 5 9 5 25 13 25 20 20 24 24 0 14 0 14 24 8 24 14 0 13 11 8 5 14 14 5 13 20 17 11 0 14 0 5 20 11 11 11 9 0 9 24 20 20 11 17 24 8 9 20 14 24 20 0 13 17 17 17 17 0 20 5 2 24 17 11 17 9 2 2 25 13 8 0 17 25 2 25 17 11 14 8 14 2 2 11 11 25 24 24 24 24 5 8 25 13 8 0 5 9 0 25 0 11 24 5 8 14 17 5 20 17 0 8 20 14 8 25 25 5 2 5 
Time cost: 3.2478814125061035s

Result: 17329
Status of facilities: 1 0 1 0 0 1 0 1 1 1 0 1 0 0 1 0 0 1 0 0 1 0 0 0 1 1 0 0 1 0 
The assignment of customers to facilities: 20 11 20 2 20 5 2 9 14 17 9 8 8 20 17 14 14 17 5 11 2 0 5 17 5 8 2 24 5 24 5 25 8 25 20 20 24 24 0 14 0 14 24 28 24 14 0 20 11 8 5 14 14 5 8 20 17 11 0 14 0 5 20 11 11 11 9 0 9 9 8 8 11 17 24 28 9 20 14 9 20 7 20 17 2 17 17 7 20 5 2 24 17 11 17 9 2 2 25 8 8 17 17 25 2 25 17 11 28 28 14 14 2 11 11 25 24 24 24 24 5 28 25 20 8 0 5 9 0 25 0 11 24 25 28 14 7 5 8 17 0 8 20 14 8 25 25 5 2 5 
Time cost: 3.2590951919555664s

Result: 15922
Status of facilities: 1 0 1 0 0 1 0 0 1 0 0 1 0 1 1 0 0 1 0 0 1 0 0 0 1 1 0 0 0 0 
The assignment of customers to facilities: 20 11 13 2 20 5 2 24 14 17 5 8 8 20 2 14 14 17 25 11 2 0 25 17 25 8 2 24 5 24 25 25 13 25 20 20 24 24 0 14 0 14 24 8 24 14 0 13 11 8 25 14 14 5 13 20 17 11 0 14 0 5 20 11 11 11 5 0 25 5 20 20 11 17 24 8 24 20 14 25 20 0 13 17 17 17 17 0 20 25 2 5 17 11 17 24 2 2 11 8 8 17 17 25 2 25 17 11 14 8 14 2 2 11 11 25 24 24 24 24 5 8 25 13 8 0 5 5 0 11 0 11 24 25 8 14 0 5 20 17 0 8 20 14 8 11 25 5 2 5 
Time cost: 3.2669596672058105s

Result: 16551
Status of facilities: 1 0 1 0 0 1 0 0 1 1 0 1 0 0 1 0 0 1 0 0 1 0 0 0 1 1 0 0 1 0 
The assignment of customers to facilities: 20 11 20 2 20 5 2 9 14 17 24 8 28 20 2 14 14 17 5 11 2 0 5 2 9 8 2 24 5 24 5 25 8 25 20 20 24 24 11 14 0 14 24 28 24 14 0 20 11 8 5 14 14 5 8 20 17 11 11 14 0 5 20 11 11 11 9 0 9 9 8 20 11 17 24 8 9 20 14 24 8 0 8 17 17 17 17 0 20 5 2 24 17 11 17 9 2 2 25 8 8 17 17 25 2 25 17 11 28 28 14 14 2 11 11 25 24 24 5 24 5 28 25 20 8 0 5 9 0 25 0 11 24 25 28 14 17 5 20 17 0 8 20 14 8 25 25 5 2 5 
Time cost: 3.26253342628479s

Result: 17102
Status of facilities: 1 0 1 0 0 1 0 1 1 1 0 1 0 1 1 0 0 1 0 0 1 0 0 0 1 1 0 0 0 0 
The assignment of customers to facilities: 20 11 20 2 20 5 2 24 14 17 9 8 8 20 17 14 14 17 25 11 2 0 5 17 5 8 2 24 5 9 5 25 13 25 20 20 24 24 0 14 0 14 24 8 24 14 7 13 11 8 5 14 14 5 13 20 17 11 11 14 0 5 20 11 11 11 9 0 9 9 20 13 11 17 24 8 9 20 14 24 20 7 13 17 2 17 17 7 20 5 2 24 17 11 17 9 2 2 25 13 8 17 17 25 2 25 7 11 8 8 14 14 2 11 11 25 24 24 24 24 5 8 25 13 8 0 5 9 0 25 0 11 24 5 8 14 7 5 20 17 0 8 20 14 8 25 25 5 2 5 
Time cost: 3.2491962909698486s

Result: 17098
Status of facilities: 1 0 1 0 0 1 0 1 1 1 0 1 0 1 1 0 0 1 0 0 1 0 0 0 1 1 0 0 0 0 
The assignment of customers to facilities: 20 11 13 2 20 5 2 9 14 17 24 8 8 20 2 14 14 17 25 11 2 0 5 17 5 8 2 24 5 24 25 25 13 25 20 20 24 24 0 14 0 14 24 8 24 14 7 13 11 8 5 14 14 5 13 20 17 11 11 14 0 5 20 11 11 11 9 0 9 9 13 20 11 17 24 8 9 20 2 9 20 7 20 17 17 17 17 7 20 5 2 24 17 11 17 5 2 2 25 13 8 17 17 25 2 25 17 11 14 8 14 14 2 11 11 25 24 24 24 24 5 8 25 13 8 0 5 9 0 25 0 11 24 5 8 14 7 5 20 17 0 8 20 14 8 25 25 5 2 5 
Time cost: 3.242974042892456s

Result: 17098
Status of facilities: 1 0 1 0 0 1 0 1 1 1 0 1 0 1 1 0 0 1 0 0 1 0 0 0 1 1 0 0 0 0 
The assignment of customers to facilities: 20 11 13 2 20 5 2 9 14 17 9 8 8 20 17 14 14 17 5 11 2 7 5 17 5 8 2 24 5 24 5 25 13 25 20 20 24 24 0 14 0 14 24 8 24 14 7 13 11 8 5 2 14 5 13 20 17 11 0 14 0 5 20 11 11 11 9 0 9 9 20 20 11 17 24 8 9 20 14 9 20 7 13 17 2 17 17 7 20 5 2 24 17 11 17 24 2 2 25 13 8 17 17 25 2 25 17 11 14 8 14 14 2 11 11 25 24 24 24 24 5 8 25 13 8 0 5 9 0 25 0 11 24 9 8 14 7 5 20 17 0 8 20 14 8 25 25 5 2 5 
Time cost: 3.2403182983398438s

Result: 17095
Status of facilities: 1 0 1 0 0 1 0 1 1 1 0 1 0 1 1 0 0 1 0 0 1 0 0 0 1 1 0 0 0 0 
The assignment of customers to facilities: 20 11 13 2 20 5 2 9 14 17 24 8 8 20 17 14 14 17 5 11 2 0 9 17 5 8 2 24 5 9 5 25 13 25 20 20 24 24 0 14 0 14 24 8 24 14 7 13 11 8 5 14 14 5 20 20 17 11 11 14 0 5 20 11 11 11 9 0 5 9 13 20 11 17 24 8 24 20 2 9 20 7 13 17 17 17 17 7 20 5 2 24 17 11 17 5 2 2 25 13 8 17 17 25 2 25 7 11 14 8 14 14 2 11 11 25 24 24 24 24 5 8 25 13 8 0 5 9 0 25 0 11 24 25 8 14 7 5 20 17 0 8 20 14 8 25 25 5 2 5 
Time cost: 3.2408463954925537s

Result: 16643
Status of facilities: 1 0 1 0 0 1 0 0 1 0 0 1 0 1 1 0 0 1 0 0 1 0 0 0 1 1 0 0 0 1 
The assignment of customers to facilities: 20 11 13 2 20 5 2 5 14 17 24 8 8 20 2 14 14 17 25 11 2 0 29 17 29 8 2 5 5 29 29 25 13 25 20 20 24 24 0 14 0 8 24 8 24 14 0 13 11 8 25 14 14 5 13 20 17 11 11 14 0 5 20 11 11 11 24 0 29 24 20 13 11 17 24 8 29 20 14 24 20 0 13 17 17 17 17 0 20 5 2 24 17 11 17 5 2 2 29 13 8 17 17 25 2 29 0 11 14 8 14 14 2 11 11 25 24 24 24 5 5 8 25 13 8 0 5 5 0 29 0 11 24 29 8 14 17 5 20 17 0 8 20 14 8 25 25 5 2 5 
Time cost: 3.253141164779663s

Result: 16411
Status of facilities: 1 0 1 0 0 1 0 0 1 1 0 1 0 1 1 0 0 1 0 0 1 0 0 0 1 1 0 0 0 0 
The assignment of customers to facilities: 20 11 13 2 20 5 2 9 14 17 24 8 8 20 2 14 14 17 5 11 2 0 5 17 9 8 2 24 5 24 5 25 13 25 20 20 24 24 0 14 0 14 24 8 24 14 0 13 11 8 5 2 14 5 13 20 17 11 11 14 0 5 20 11 11 11 9 0 9 9 20 20 11 17 24 8 9 20 14 24 20 0 13 17 17 17 17 0 20 5 2 24 17 11 17 9 2 2 25 13 8 17 17 25 2 25 17 11 14 8 14 14 2 11 11 11 24 24 5 24 5 8 25 13 8 0 5 9 0 25 0 11 24 25 8 14 0 5 20 17 0 8 20 14 8 25 25 5 2 5 
Time cost: 3.233119487762451s

Result: 16395
Status of facilities: 1 0 1 0 0 1 0 0 1 1 0 1 0 1 1 0 0 1 0 0 1 0 0 0 1 1 0 0 0 0 
The assignment of customers to facilities: 20 11 13 2 20 5 2 9 14 17 9 8 8 20 17 14 14 17 5 11 2 0 5 17 9 8 2 24 5 24 5 25 13 25 20 20 24 24 0 14 0 14 24 8 24 14 0 13 11 8 5 14 14 5 13 20 17 11 0 14 0 5 20 11 11 11 9 0 9 9 20 20 11 17 24 8 9 20 2 9 20 0 13 17 2 17 17 0 20 5 2 24 17 11 17 9 2 2 25 13 8 17 17 25 2 25 17 11 14 8 14 14 2 11 11 25 24 24 24 24 5 8 25 13 8 0 5 9 0 25 0 11 24 5 8 14 0 5 20 17 0 8 20 14 8 25 25 5 2 5 
Time cost: 3.245128870010376s

