Begin: 77604

Result: 12224
Status of facilities: 1 0 1 0 0 1 0 0 1 0 0 1 0 0 1 0 0 1 0 0 1 0 0 0 1 1 0 0 0 0 
The assignment of customers to facilities: 20 11 20 2 8 5 2 24 14 17 5 8 8 20 17 14 14 17 5 11 2 0 5 17 5 8 2 24 5 24 5 25 8 25 20 20 24 24 0 14 0 14 24 8 24 14 0 20 11 8 5 14 14 5 20 20 17 11 11 14 0 5 20 11 11 11 24 0 5 5 20 20 11 17 24 8 24 20 14 24 20 0 20 17 2 17 17 0 20 5 2 24 17 11 17 24 2 2 25 8 8 17 17 25 2 25 17 11 14 8 14 14 2 11 11 25 24 24 24 24 5 8 25 20 8 0 5 24 0 25 0 11 24 5 8 14 17 5 20 17 0 8 20 14 8 25 25 5 2 5 
Time cost: 3.214667320251465s

Result: 12815
Status of facilities: 1 0 1 0 0 1 0 0 1 0 0 1 0 1 1 0 0 1 0 0 1 0 0 0 1 1 0 0 0 0 
The assignment of customers to facilities: 20 11 13 2 20 5 2 24 14 17 24 8 8 20 17 14 14 17 5 11 2 0 5 17 5 8 2 24 5 24 5 25 13 25 20 20 24 24 0 14 0 14 24 8 24 14 17 13 11 8 5 14 14 5 13 20 17 11 0 14 0 5 20 11 11 11 24 0 24 5 20 20 11 17 24 8 24 20 14 5 20 0 20 17 17 17 17 0 20 5 2 24 17 11 17 5 2 2 25 8 8 17 17 25 2 25 17 11 14 8 14 14 2 11 11 25 24 24 24 24 5 8 25 13 8 0 5 24 0 25 0 11 24 5 8 14 17 5 20 17 0 8 20 14 8 25 25 5 2 5 
Time cost: 3.163055896759033s

Result: 12296
Status of facilities: 1 0 1 0 0 1 0 0 1 0 0 1 0 0 1 0 0 1 0 0 1 0 0 0 1 1 0 0 0 0 
The assignment of customers to facilities: 20 11 8 2 20 5 2 24 14 17 24 8 8 20 17 14 14 17 5 11 2 0 5 17 5 8 2 24 5 24 5 25 20 25 20 8 24 24 0 14 0 14 24 8 24 14 0 20 11 8 5 14 14 5 20 20 17 11 0 14 0 5 20 11 11 11 24 0 5 5 20 20 11 17 24 8 24 20 14 5 20 0 20 17 2 17 17 0 20 5 2 24 17 11 17 5 2 2 25 20 8 17 17 25 2 25 17 11 14 8 14 14 2 11 11 25 24 24 24 24 5 8 25 20 8 11 5 24 0 25 0 11 24 5 8 14 17 5 20 17 0 8 20 14 8 25 25 5 2 5 
Time cost: 3.178880214691162s

Result: 12270
Status of facilities: 1 0 1 0 0 1 0 0 1 0 0 1 0 0 1 0 0 1 0 0 1 0 0 0 1 1 0 0 0 0 
The assignment of customers to facilities: 20 11 8 2 20 5 2 24 14 17 24 8 8 20 17 14 14 17 5 11 2 0 5 17 5 8 2 24 5 24 5 25 20 25 20 20 24 24 0 14 0 14 24 8 24 14 0 20 11 8 5 14 14 5 20 20 17 11 11 14 0 5 20 11 11 11 24 0 5 24 20 8 11 17 24 8 24 20 14 24 20 0 20 17 17 17 17 0 20 5 2 24 17 11 17 5 2 2 25 8 8 17 17 25 2 25 17 11 14 8 14 14 2 11 11 25 24 24 24 24 5 8 25 20 8 0 5 5 0 25 0 11 24 5 8 14 17 5 20 17 0 8 20 14 8 25 25 5 2 5 
Time cost: 3.1637117862701416s

Result: 12415
Status of facilities: 1 0 1 0 0 1 0 0 1 0 0 1 0 0 1 1 0 1 0 0 1 0 0 0 1 1 0 0 0 0 
The assignment of customers to facilities: 20 11 20 2 8 5 2 24 14 17 24 8 8 20 17 14 14 17 5 11 2 0 5 17 5 8 2 24 5 24 5 25 20 25 20 20 24 15 0 14 0 14 15 8 24 14 0 20 11 8 25 14 14 5 20 20 17 11 11 14 0 5 20 11 11 11 24 0 5 24 8 20 11 17 24 8 24 20 14 24 20 0 20 17 17 17 17 0 20 5 2 24 17 11 17 5 2 2 25 8 8 17 17 25 2 25 17 11 14 8 14 14 2 11 11 25 24 24 24 24 5 8 25 20 8 0 5 24 0 25 0 11 24 5 8 14 17 5 20 17 0 8 20 14 8 25 25 5 2 5 
Time cost: 3.173395872116089s

Result: 12809
Status of facilities: 1 0 1 0 0 1 0 0 1 0 0 1 0 1 1 0 0 1 0 0 1 0 0 0 1 1 0 0 0 0 
The assignment of customers to facilities: 20 11 20 2 20 5 2 24 14 17 24 8 8 20 17 14 14 17 5 11 2 0 5 17 5 8 2 24 5 24 5 25 13 25 20 20 24 24 0 14 0 14 24 8 24 14 0 13 11 8 5 14 14 5 13 20 17 11 11 14 0 5 20 11 11 11 24 0 5 24 20 20 11 17 24 8 24 20 14 24 20 0 20 17 17 17 17 0 20 5 2 24 17 11 17 5 2 2 25 13 8 17 17 25 2 25 17 11 14 8 14 14 2 11 11 11 24 24 24 24 5 8 25 13 8 0 5 5 0 25 0 11 24 5 8 14 17 5 20 17 0 8 20 14 8 25 25 5 2 5 
Time cost: 3.1778206825256348s

Result: 12221
Status of facilities: 1 0 1 0 0 1 0 0 1 0 0 1 0 0 1 0 0 1 0 0 1 0 0 0 1 1 0 0 0 0 
The assignment of customers to facilities: 20 11 20 2 20 5 2 24 14 17 5 8 8 20 17 14 14 17 5 11 2 0 5 17 5 8 2 24 5 24 5 25 8 25 20 20 24 24 0 14 0 14 24 8 24 14 0 20 11 8 5 14 14 5 20 20 17 11 11 14 0 5 20 11 11 11 24 0 5 5 8 20 11 17 24 8 24 20 14 24 20 0 20 17 17 17 17 0 20 5 2 24 17 11 17 5 2 2 25 20 8 17 17 25 2 25 17 11 14 8 14 14 2 11 11 11 24 24 24 24 5 8 25 20 8 0 5 24 0 25 0 11 24 5 8 14 17 5 20 17 0 8 20 14 8 25 25 5 2 5 
Time cost: 3.1808559894561768s

Result: 12799
Status of facilities: 1 0 1 0 0 1 0 0 1 0 0 1 0 1 1 0 0 1 0 0 1 0 0 0 1 1 0 0 0 0 
The assignment of customers to facilities: 20 11 13 2 20 5 2 24 14 17 24 8 8 20 17 14 14 17 5 11 2 0 5 17 5 8 2 24 5 24 5 25 20 25 20 20 24 24 0 14 0 14 24 8 24 14 0 13 11 8 5 14 14 5 13 20 17 11 0 14 0 5 20 11 11 11 24 0 5 5 20 20 11 17 24 8 24 20 14 24 20 0 20 17 17 17 17 0 20 5 2 24 17 11 17 5 2 2 25 13 8 17 17 25 2 25 17 11 14 8 14 14 2 11 11 25 24 24 5 24 5 8 25 13 8 0 5 24 0 25 0 11 24 5 8 14 17 5 20 17 0 8 20 14 8 25 25 5 2 5 
Time cost: 3.1583762168884277s

Result: 12224
Status of facilities: 1 0 1 0 0 1 0 0 1 0 0 1 0 0 1 0 0 1 0 0 1 0 0 0 1 1 0 0 0 0 
The assignment of customers to facilities: 20 11 20 2 8 5 2 24 14 17 5 8 8 20 17 14 14 17 5 11 2 0 5 17 5 8 2 24 5 24 5 25 8 25 20 20 24 24 0 14 0 14 24 8 24 14 0 20 11 8 5 14 14 5 20 20 17 11 0 14 0 5 20 11 11 11 24 0 5 5 20 20 11 17 24 8 24 20 14 24 20 0 20 17 17 17 17 0 20 5 2 24 17 11 17 5 2 2 25 8 8 17 17 25 2 25 17 11 14 8 14 14 2 11 11 11 24 24 24 24 5 8 25 20 8 0 5 24 0 25 0 11 24 5 8 14 17 5 20 17 0 8 20 14 8 25 25 5 2 5 
Time cost: 3.1753594875335693s

Result: 12254
Status of facilities: 1 0 1 0 0 1 0 0 1 0 0 1 0 0 1 0 0 1 0 0 1 0 0 0 1 1 0 0 0 0 
The assignment of customers to facilities: 20 11 20 2 20 5 2 24 14 17 5 8 8 20 2 14 14 17 5 11 2 0 5 17 5 8 2 24 5 24 5 25 20 25 20 20 24 24 0 14 0 14 24 8 24 14 0 20 11 8 5 14 14 5 20 20 17 11 11 14 0 5 20 11 11 11 24 0 5 5 8 8 11 17 24 8 24 20 14 24 20 0 20 17 17 17 17 0 20 5 2 24 17 11 17 5 2 2 25 20 8 17 17 25 2 25 17 11 14 8 14 14 2 11 11 25 24 24 24 24 5 8 25 20 8 0 5 24 0 25 0 11 24 5 8 14 17 5 20 17 0 8 20 14 8 25 25 5 2 5 
Time cost: 3.171262502670288s

Result: 12257
Status of facilities: 1 0 1 0 0 1 0 0 1 0 0 1 0 0 1 0 0 1 0 0 1 0 0 0 1 1 0 0 0 0 
The assignment of customers to facilities: 20 11 8 2 20 5 2 24 14 17 24 8 8 20 17 14 14 17 5 11 2 0 5 17 5 8 2 24 5 24 5 25 20 25 20 20 24 24 0 14 0 14 24 8 24 14 0 20 11 8 5 14 14 5 8 20 17 11 0 14 0 5 20 11 11 11 24 0 5 24 20 20 11 17 24 8 24 20 14 24 20 0 20 17 17 17 17 0 20 5 2 24 17 11 17 5 2 2 25 20 8 17 17 25 2 25 17 11 14 8 14 14 2 11 11 25 24 24 24 24 5 8 25 20 8 0 5 5 0 25 0 11 24 5 8 14 17 5 20 17 0 8 20 14 8 25 25 5 2 5 
Time cost: 3.1801304817199707s

Result: 12260
Status of facilities: 1 0 1 0 0 1 0 0 1 0 0 1 0 0 1 0 0 1 0 0 1 0 0 0 1 1 0 0 0 0 
The assignment of customers to facilities: 20 11 8 2 20 5 2 24 14 17 5 8 8 20 17 14 14 17 5 11 2 0 5 17 5 8 2 24 5 24 5 25 20 25 20 20 24 24 0 14 0 14 24 8 24 14 0 20 11 8 5 14 14 5 8 20 17 11 0 14 0 5 20 11 11 11 24 0 5 24 20 20 11 17 24 8 24 20 14 24 20 0 20 17 17 17 17 0 20 5 2 24 17 11 17 24 2 2 25 8 8 17 17 25 2 25 17 11 14 8 14 14 2 11 11 25 24 24 24 24 5 8 25 20 8 0 5 5 0 25 0 11 24 5 8 14 17 5 20 17 0 8 20 14 8 25 25 5 2 5 
Time cost: 3.1691198348999023s

Result: 12819
Status of facilities: 1 0 1 0 0 1 0 0 1 0 0 1 0 1 1 0 0 1 0 0 1 0 0 0 1 1 0 0 0 0 
The assignment of customers to facilities: 20 11 20 2 20 5 2 24 14 17 24 8 8 20 17 14 14 17 5 11 2 0 5 17 5 8 2 24 5 24 5 25 13 25 20 20 24 24 0 14 0 14 24 8 24 14 0 13 11 8 5 14 14 5 20 20 17 11 11 14 0 5 20 11 11 11 24 0 5 24 20 20 11 17 24 8 24 20 14 24 20 0 13 17 17 17 17 0 20 5 2 24 17 11 17 5 2 2 25 13 8 17 17 25 2 25 17 11 14 8 14 14 2 11 11 25 24 24 24 5 5 8 25 20 8 0 5 24 0 25 0 11 24 5 8 14 17 5 20 17 0 8 20 14 8 25 25 5 2 5 
Time cost: 3.165228843688965s

Result: 13367
Status of facilities: 1 0 1 0 0 1 0 0 1 1 0 1 0 1 1 0 0 1 0 0 1 0 0 0 1 1 0 0 0 0 
The assignment of customers to facilities: 20 11 13 2 13 5 2 24 14 17 9 8 8 20 17 14 14 17 5 11 2 0 5 17 5 8 2 24 5 24 5 25 13 25 20 20 24 24 0 14 0 14 24 8 24 14 0 13 11 8 5 14 14 5 13 20 17 11 11 14 0 5 20 11 11 11 24 0 24 9 20 20 11 17 24 8 9 20 14 24 20 0 13 17 17 17 17 0 20 5 2 24 17 11 17 5 2 2 25 20 8 17 17 25 2 25 17 11 14 8 14 14 2 11 11 25 24 24 24 24 5 8 25 13 8 0 5 24 0 25 0 11 24 5 8 14 17 5 20 17 0 8 20 14 8 25 25 5 2 5 
Time cost: 3.151625156402588s

Result: 12807
Status of facilities: 1 0 1 0 0 1 0 0 1 0 0 1 0 1 1 0 0 1 0 0 1 0 0 0 1 1 0 0 0 0 
The assignment of customers to facilities: 20 11 20 2 20 5 2 24 14 17 24 8 8 20 17 14 14 17 5 11 2 0 5 17 5 8 2 24 5 24 5 25 13 25 20 20 24 24 0 14 0 14 24 8 24 14 0 13 11 8 5 14 14 5 13 20 17 11 0 14 0 5 20 11 11 11 24 0 24 5 20 20 11 17 24 8 5 20 14 24 20 0 13 17 17 17 17 0 20 5 2 24 17 11 17 5 2 2 25 13 8 17 17 25 2 25 17 11 14 8 14 14 2 11 11 25 24 24 24 24 5 8 25 13 8 0 5 24 0 25 0 11 24 5 8 14 17 5 20 17 0 8 20 14 8 25 25 5 2 5 
Time cost: 3.179658889770508s

Result: 12275
Status of facilities: 1 0 1 0 0 1 0 0 1 0 0 1 0 0 1 0 0 1 0 0 1 0 0 0 1 1 0 0 0 0 
The assignment of customers to facilities: 20 11 20 2 20 5 2 24 14 17 5 8 8 20 17 14 14 17 5 11 2 0 5 17 5 8 2 24 5 24 5 25 8 25 20 8 24 24 0 14 0 14 24 8 24 14 0 20 11 8 5 14 14 5 20 20 17 11 0 14 0 5 20 11 11 11 24 0 5 5 20 20 11 17 24 8 24 20 14 24 20 0 20 17 17 17 17 17 20 5 2 24 17 11 17 24 2 14 25 20 8 17 17 25 2 25 17 11 14 8 14 14 2 11 11 25 24 24 24 24 5 8 25 20 8 0 5 24 0 25 0 11 24 5 8 14 17 5 20 17 0 8 20 14 8 25 25 5 2 5 
Time cost: 3.1726348400115967s

Result: 12226
Status of facilities: 1 0 1 0 0 1 0 0 1 0 0 1 0 0 1 0 0 1 0 0 1 0 0 0 1 1 0 0 0 0 
The assignment of customers to facilities: 20 11 8 2 20 5 2 24 14 17 5 8 8 20 17 14 14 17 5 11 2 0 5 17 5 8 2 24 5 24 5 25 8 25 20 20 24 24 0 14 0 14 24 8 24 14 0 20 11 8 5 14 14 5 20 20 17 11 11 14 0 5 20 11 11 11 24 0 5 5 20 20 11 17 24 8 24 20 14 24 20 0 20 17 17 17 17 17 20 5 2 24 17 11 17 5 2 2 25 20 8 17 17 25 2 25 17 11 14 8 14 14 2 11 11 25 24 24 24 24 5 8 25 20 8 0 5 24 0 25 0 11 24 5 8 14 17 5 20 17 0 8 20 14 8 25 25 5 2 5 
Time cost: 3.1797962188720703s

Result: 12242
Status of facilities: 1 0 1 0 0 1 0 0 1 0 0 1 0 0 1 0 0 1 0 0 1 0 0 0 1 1 0 0 0 0 
The assignment of customers to facilities: 20 11 20 2 8 5 2 24 14 17 24 8 8 20 17 14 14 17 5 11 2 0 5 17 5 8 2 24 5 24 5 25 20 25 20 20 24 24 0 14 0 14 24 8 24 14 0 20 11 8 5 14 14 5 20 20 17 11 11 14 0 5 20 11 11 11 24 0 5 5 20 20 11 17 24 8 24 20 14 24 20 0 8 17 17 17 17 0 20 5 2 24 17 11 17 24 2 2 25 8 8 17 17 25 2 25 17 11 14 8 14 14 2 11 11 25 24 24 5 24 5 8 25 20 8 0 5 24 0 25 0 11 24 5 8 14 17 5 20 17 0 8 20 14 8 25 25 5 2 5 
Time cost: 3.17283034324646s

Result: 12234
Status of facilities: 1 0 1 0 0 1 0 0 1 0 0 1 0 0 1 0 0 1 0 0 1 0 0 0 1 1 0 0 0 0 
The assignment of customers to facilities: 20 11 20 2 20 5 2 24 14 17 24 8 8 20 17 14 14 17 5 11 2 0 5 17 5 8 2 24 5 24 5 25 8 25 20 20 24 24 0 14 0 14 24 8 24 14 0 20 11 8 25 14 14 5 20 20 17 11 11 14 0 5 20 11 11 11 24 0 5 5 8 20 11 17 24 8 24 20 14 24 20 0 20 17 17 17 17 0 20 5 2 24 17 11 17 5 2 2 25 20 8 17 17 25 2 25 17 11 14 8 14 14 2 11 11 25 24 24 24 24 5 8 25 20 8 0 5 5 0 25 0 11 24 5 8 14 17 5 20 17 0 8 20 14 8 25 25 5 2 5 
Time cost: 3.181938886642456s

Result: 12611
Status of facilities: 1 0 1 0 0 1 0 1 1 0 0 1 0 0 1 0 0 1 0 0 1 0 0 0 1 1 0 0 0 0 
The assignment of customers to facilities: 20 11 8 2 20 5 2 24 14 17 24 8 8 20 17 14 14 17 5 11 2 7 5 17 5 8 2 24 5 24 5 25 8 25 20 20 24 24 0 14 0 14 24 8 24 14 7 20 11 8 5 14 14 5 20 20 17 11 11 14 0 5 20 11 11 11 24 0 5 5 20 20 11 17 24 8 24 20 14 24 20 7 20 17 17 17 17 7 20 5 2 24 17 11 17 24 2 2 25 20 8 17 17 25 2 25 17 11 14 8 14 14 2 11 11 25 24 24 24 24 5 8 25 20 8 0 5 5 0 25 0 11 24 5 8 14 17 5 20 17 0 8 20 14 8 25 25 5 2 5 
Time cost: 3.1774561405181885s

Result: 12222
Status of facilities: 1 0 1 0 0 1 0 0 1 0 0 1 0 0 1 0 0 1 0 0 1 0 0 0 1 1 0 0 0 0 
The assignment of customers to facilities: 20 11 20 14 20 5 2 24 14 17 5 8 8 20 17 14 14 17 5 11 2 0 5 17 5 8 2 24 5 24 5 25 8 25 20 20 24 24 0 14 0 14 24 8 24 14 0 20 11 8 5 14 14 5 20 20 17 11 0 14 0 5 20 11 11 11 24 0 24 5 8 20 11 17 24 8 24 20 14 24 20 0 20 17 17 17 17 17 20 5 2 24 17 11 17 5 2 2 25 20 8 17 17 25 2 25 17 11 14 8 14 14 2 11 11 25 24 24 24 24 5 8 25 20 8 0 5 24 0 25 0 11 24 5 8 14 17 5 20 17 0 8 20 14 8 25 25 5 2 5 
Time cost: 3.166912078857422s

Result: 12618
Status of facilities: 1 0 1 0 0 1 0 1 1 0 0 1 0 0 1 0 0 1 0 0 1 0 0 0 1 1 0 0 0 0 
The assignment of customers to facilities: 20 11 8 2 20 5 2 24 14 17 5 8 8 20 17 14 14 17 5 11 2 0 5 17 5 8 2 24 5 24 5 25 20 25 20 20 24 24 0 14 0 14 24 8 24 14 0 20 11 8 5 14 14 5 8 20 17 25 11 14 0 5 20 11 11 11 24 0 5 5 20 20 11 17 24 8 24 20 14 24 20 7 20 17 17 17 17 7 20 5 2 24 17 11 17 24 2 2 25 20 8 17 17 25 2 25 17 11 14 8 14 14 2 11 11 25 24 24 24 24 5 8 25 20 8 0 5 24 0 25 0 11 24 5 8 14 17 5 20 17 0 8 20 14 8 25 25 5 2 5 
Time cost: 3.1709444522857666s

Result: 12801
Status of facilities: 1 0 1 0 0 1 0 0 1 0 0 1 0 1 1 0 0 1 0 0 1 0 0 0 1 1 0 0 0 0 
The assignment of customers to facilities: 20 11 20 2 20 5 2 24 14 17 24 8 8 20 17 14 14 17 5 11 2 0 5 17 5 8 2 24 5 24 5 25 20 25 20 20 24 24 0 14 0 14 24 8 24 14 17 13 11 8 5 14 14 5 20 20 17 11 0 14 0 5 20 11 11 11 24 0 24 5 20 20 11 17 24 8 24 20 14 24 20 0 13 17 17 17 17 0 20 5 2 24 17 11 17 5 2 17 25 20 8 17 17 25 2 25 17 11 14 8 14 14 2 11 11 25 24 24 5 24 5 8 25 13 8 0 5 24 0 25 0 11 24 5 8 14 17 5 20 17 0 8 20 14 8 25 25 5 2 5 
Time cost: 3.175959825515747s

Result: 12223
Status of facilities: 1 0 1 0 0 1 0 0 1 0 0 1 0 0 1 0 0 1 0 0 1 0 0 0 1 1 0 0 0 0 
The assignment of customers to facilities: 20 11 8 2 20 5 2 24 14 17 5 8 8 20 17 14 14 17 5 11 2 0 5 17 5 8 2 24 5 24 5 25 20 25 20 20 24 24 0 14 0 14 24 8 24 14 0 20 11 8 5 14 14 5 20 20 17 11 11 14 0 5 20 11 11 11 24 0 5 5 8 20 11 17 24 8 24 20 14 24 20 0 20 17 2 17 17 0 20 5 2 24 17 11 17 5 2 2 25 20 8 17 17 25 2 25 17 11 14 8 14 14 2 11 11 25 24 24 24 24 5 8 25 20 8 0 5 24 0 25 0 11 24 5 8 14 17 5 20 17 0 8 20 14 8 25 25 5 2 5 
Time cost: 3.171621799468994s

Result: 12232
Status of facilities: 1 0 1 0 0 1 0 0 1 0 0 1 0 0 1 0 0 1 0 0 1 0 0 0 1 1 0 0 0 0 
The assignment of customers to facilities: 20 11 20 2 20 5 2 24 14 17 24 8 8 20 17 14 14 17 5 11 2 0 5 17 5 8 2 24 5 24 5 25 8 25 20 20 24 24 0 14 0 14 24 8 24 14 0 20 11 8 5 14 14 5 20 20 17 11 0 14 0 5 20 11 11 11 24 0 5 24 8 20 11 17 24 8 24 20 14 24 20 0 20 17 17 17 17 0 20 5 2 24 17 11 17 5 2 2 25 20 8 17 17 25 2 25 17 11 14 8 14 14 2 11 11 25 24 24 24 24 5 8 25 20 8 0 5 5 0 25 0 11 24 5 8 14 17 5 20 17 0 8 20 14 8 25 25 5 2 5 
Time cost: 3.181410789489746s

Result: 12802
Status of facilities: 1 0 1 0 0 1 0 0 1 0 0 1 0 1 1 0 0 1 0 0 1 0 0 0 1 1 0 0 0 0 
The assignment of customers to facilities: 20 11 20 2 20 5 2 24 14 17 24 8 8 20 17 14 14 17 5 11 2 0 5 17 5 8 2 24 5 24 5 25 20 25 20 20 24 24 0 14 0 14 24 8 24 14 17 13 11 8 5 14 14 5 20 20 17 11 11 14 0 5 20 11 11 11 24 0 5 5 20 20 11 17 24 8 24 20 14 24 20 0 13 17 2 17 17 17 20 5 2 24 17 11 17 5 2 2 25 20 8 17 17 25 2 25 17 11 14 8 14 14 2 11 11 25 24 24 5 24 5 8 25 13 8 0 5 24 0 25 0 11 24 5 8 14 17 5 20 17 0 8 20 14 8 25 25 5 2 5 
Time cost: 3.1678240299224854s

Result: 12814
Status of facilities: 1 0 1 0 0 1 0 0 1 0 0 1 0 1 1 0 0 1 0 0 1 0 0 0 1 1 0 0 0 0 
The assignment of customers to facilities: 20 11 20 2 20 5 2 24 14 17 24 8 8 20 17 14 14 17 5 11 2 0 5 17 5 8 2 24 5 24 5 25 20 25 20 20 24 24 0 14 0 14 24 8 24 14 0 13 11 8 5 14 14 5 13 20 17 11 0 14 0 5 20 11 11 11 5 0 5 5 20 20 11 17 24 8 24 20 14 24 20 0 20 17 17 17 17 0 20 5 2 24 17 11 17 5 2 2 25 20 8 17 17 25 2 25 17 11 14 8 14 14 2 11 11 25 24 24 24 24 5 8 25 13 8 0 5 24 0 25 0 11 24 5 8 14 17 5 20 17 0 8 20 14 8 25 25 5 2 5 
Time cost: 3.1769402027130127s

Result: 12818
Status of facilities: 1 0 1 0 0 1 0 0 1 0 0 1 0 1 1 0 0 1 0 0 1 0 0 0 1 1 0 0 0 0 
The assignment of customers to facilities: 20 11 13 2 20 5 2 24 14 17 24 8 8 20 17 14 14 17 5 11 2 0 5 17 5 8 2 24 5 24 5 25 20 25 20 20 24 24 0 14 0 14 24 8 24 14 0 13 11 8 5 14 14 5 13 20 17 11 0 14 0 5 20 11 11 11 24 0 5 24 20 20 11 17 24 8 24 20 14 24 20 0 13 17 17 17 17 0 20 5 2 24 17 11 17 5 2 2 25 20 8 17 17 25 2 25 17 11 14 8 14 14 2 11 11 25 24 24 24 5 5 8 25 13 8 0 5 24 0 25 0 11 24 5 8 14 17 5 20 17 0 8 20 14 8 25 25 5 2 5 
Time cost: 3.1665570735931396s

Result: 12239
Status of facilities: 1 0 1 0 0 1 0 0 1 0 0 1 0 0 1 0 0 1 0 0 1 0 0 0 1 1 0 0 0 0 
The assignment of customers to facilities: 20 11 20 2 20 5 2 24 14 17 5 8 8 20 17 14 14 17 5 11 2 0 5 17 5 8 2 24 5 24 5 25 8 25 20 20 24 24 0 14 0 14 24 8 24 14 0 20 11 8 5 14 14 5 20 20 17 11 11 14 0 5 20 11 11 11 5 0 5 24 8 20 11 17 24 8 24 20 14 24 20 0 20 17 17 17 17 0 20 5 2 24 17 11 17 5 2 2 25 20 8 17 17 25 2 25 17 11 14 8 14 14 2 11 11 25 24 24 24 24 5 8 25 20 8 0 5 24 0 25 0 11 24 5 8 14 17 5 20 17 0 8 20 14 8 25 25 5 2 5 
Time cost: 3.1779983043670654s

Result: 12620
Status of facilities: 1 0 1 0 0 1 0 1 1 0 0 1 0 0 1 0 0 1 0 0 1 0 0 0 1 1 0 0 0 0 
The assignment of customers to facilities: 20 11 8 2 20 5 2 24 14 17 24 8 8 20 17 14 14 17 5 11 2 0 5 17 5 8 2 24 5 24 5 25 8 25 20 20 24 24 0 14 0 14 24 8 24 14 0 20 11 8 5 14 14 5 20 20 17 25 11 14 0 5 20 11 11 11 24 0 5 24 20 20 11 17 24 8 24 20 14 24 20 7 20 17 17 17 17 7 20 5 2 24 17 11 17 5 2 2 25 20 8 17 17 25 2 25 17 11 14 8 14 14 2 11 11 25 24 24 24 5 5 8 25 20 8 0 5 24 0 25 0 11 24 5 8 14 17 5 20 17 0 8 20 14 8 25 25 5 2 5 
Time cost: 3.1866278648376465s

