Begin: 11382

Result: 6344
Status of facilities: 1 0 0 0 0 1 0 0 1 1 0 0 1 0 0 1 0 0 0 0 0 1 0 1 0 0 0 1 1 0 
The assignment of customers to facilities: 27 21 15 28 23 0 9 21 27 5 5 23 23 9 12 15 8 15 12 0 0 9 0 8 8 23 27 12 27 27 5 23 23 23 0 9 23 12 21 15 27 12 28 23 5 0 9 9 9 15 21 0 9 12 12 15 21 8 23 5 5 27 28 5 27 28 27 27 28 28 
Time cost: 1.833390235900879s

Result: 6160
Status of facilities: 0 1 0 0 0 1 1 0 0 1 0 0 0 1 0 0 0 0 0 0 0 1 1 1 0 1 0 0 1 0 
The assignment of customers to facilities: 6 22 6 23 25 22 25 21 1 5 5 23 13 9 6 6 21 21 21 21 25 9 22 22 22 13 28 6 28 5 5 23 13 13 22 22 25 1 21 6 6 1 28 23 5 25 9 22 9 6 21 25 9 6 6 6 21 22 23 5 5 28 1 5 28 28 1 1 28 28 
Time cost: 1.8418142795562744s

Result: 6297
Status of facilities: 1 1 1 0 0 1 0 0 0 1 0 0 0 0 0 0 0 0 1 0 0 1 1 0 0 0 0 0 1 1 
The assignment of customers to facilities: 18 21 18 28 2 22 9 21 1 29 5 2 2 9 18 18 21 21 21 0 0 9 22 22 22 2 29 18 29 29 5 2 2 2 0 22 1 1 21 18 18 1 28 28 5 9 9 22 9 18 21 0 9 18 18 18 21 22 2 29 5 29 1 29 28 28 1 28 28 29 
Time cost: 1.8116731643676758s

Result: 6322
Status of facilities: 1 0 0 0 0 0 1 0 0 1 0 0 1 0 0 0 0 0 0 0 1 1 0 1 1 0 0 1 1 0 
The assignment of customers to facilities: 12 21 6 24 23 20 9 21 27 27 24 23 23 9 12 6 21 21 12 0 0 9 20 20 20 23 27 6 27 27 27 23 23 23 0 9 23 12 21 6 27 12 28 23 24 9 9 20 9 6 21 0 9 6 6 6 21 20 23 28 24 27 28 28 27 28 27 27 28 27 
Time cost: 1.8138885498046875s

Result: 6260
Status of facilities: 1 1 1 0 0 0 1 0 1 0 0 0 1 0 0 0 0 0 0 0 0 1 0 0 0 0 1 0 1 1 
The assignment of customers to facilities: 12 21 6 28 2 0 26 21 1 29 2 2 26 26 12 6 8 21 12 0 0 26 0 8 8 2 29 6 29 29 29 2 2 2 0 0 1 12 21 6 6 12 28 28 28 26 26 26 26 6 21 0 0 6 6 6 21 8 2 29 29 29 1 29 28 29 1 28 28 29 
Time cost: 1.7553565502166748s

Result: 6249
Status of facilities: 0 1 0 0 1 1 0 0 0 1 0 0 1 1 0 1 0 1 0 0 0 1 0 0 0 0 0 0 1 0 
The assignment of customers to facilities: 12 21 15 28 13 17 9 21 1 5 5 1 13 9 12 15 21 15 21 12 9 9 21 17 17 13 28 4 4 4 5 13 13 13 21 9 1 12 21 15 4 12 28 28 5 13 9 17 17 15 15 9 9 12 12 15 21 21 13 5 5 4 1 5 28 28 1 1 28 28 
Time cost: 1.7569940090179443s

Result: 6181
Status of facilities: 1 1 0 0 0 1 1 0 0 1 0 0 1 0 0 1 0 0 0 0 1 0 0 1 0 0 0 0 1 0 
The assignment of customers to facilities: 12 20 15 23 23 20 9 12 1 5 5 23 23 9 12 6 15 15 12 12 0 9 20 20 20 23 28 6 28 5 5 23 23 23 0 9 1 12 15 6 6 12 1 23 5 9 9 20 9 15 20 0 9 6 6 6 0 20 23 5 5 28 1 5 28 28 1 28 28 28 
Time cost: 1.7550249099731445s

Result: 6309
Status of facilities: 1 1 0 0 0 1 1 0 0 1 0 0 1 1 0 0 0 0 0 0 0 1 1 1 0 0 0 0 1 0 
The assignment of customers to facilities: 12 21 6 23 13 22 9 21 1 5 5 23 13 9 6 6 21 21 12 12 0 9 22 22 22 13 5 6 28 5 5 23 13 13 0 22 1 12 21 6 6 12 28 23 5 13 9 22 9 6 21 0 9 6 6 6 21 22 23 28 5 12 1 5 28 28 1 1 28 28 
Time cost: 1.7546827793121338s

Result: 6072
Status of facilities: 1 1 0 0 0 0 0 0 0 1 0 1 1 1 0 0 0 0 0 0 0 1 1 0 0 0 0 0 1 1 
The assignment of customers to facilities: 12 21 11 28 13 22 9 21 1 29 28 1 13 9 12 11 21 11 12 0 0 9 22 22 22 13 29 12 29 29 29 13 13 13 0 22 1 12 21 11 29 12 28 28 29 13 9 22 9 11 21 0 9 12 11 11 21 22 13 29 29 29 1 29 28 28 1 28 28 29 
Time cost: 1.7545323371887207s

Result: 6014
Status of facilities: 0 1 0 1 0 0 1 0 0 1 0 0 0 0 0 0 0 0 0 0 0 1 1 0 1 0 0 0 1 1 
The assignment of customers to facilities: 6 22 6 24 3 22 9 21 1 29 24 1 3 9 6 6 21 21 21 21 9 9 22 22 22 3 29 6 29 29 29 24 24 3 22 22 1 1 21 6 6 1 28 24 24 3 3 22 9 6 21 9 9 6 6 6 21 22 24 29 29 29 1 29 28 28 1 28 28 29 
Time cost: 1.7494301795959473s

Result: 6027
Status of facilities: 1 0 1 0 0 1 1 0 0 1 0 0 1 0 0 0 0 0 0 0 0 0 1 0 0 0 0 1 1 0 
The assignment of customers to facilities: 12 22 6 28 2 22 9 0 27 5 5 2 2 9 12 6 22 6 12 12 0 9 22 22 22 2 27 6 27 27 5 2 2 2 0 22 0 12 12 6 27 12 28 28 5 9 9 22 9 6 22 0 9 6 6 6 0 22 2 5 5 27 28 5 27 28 27 27 28 28 
Time cost: 1.7479093074798584s

Result: 6241
Status of facilities: 0 1 0 1 0 0 1 0 0 1 0 0 1 0 0 0 0 0 0 0 0 1 1 1 0 0 0 1 0 1 
The assignment of customers to facilities: 12 21 6 23 23 22 9 21 27 29 23 23 3 9 12 6 21 21 12 12 9 9 22 22 22 3 29 6 29 29 29 23 23 3 22 22 1 12 21 6 27 12 27 23 29 3 3 22 9 6 21 9 9 6 6 6 21 22 23 29 29 27 1 29 27 29 1 27 1 29 
Time cost: 1.7406532764434814s

Result: 5946
Status of facilities: 0 1 1 0 0 1 0 0 0 1 0 1 1 0 0 0 0 0 0 0 0 1 1 0 0 0 0 1 0 0 
The assignment of customers to facilities: 12 21 11 1 2 22 9 21 27 5 5 2 2 9 12 11 21 11 12 12 9 9 22 22 22 2 27 12 27 27 5 2 2 2 22 22 1 12 21 11 27 12 27 1 5 9 9 22 22 11 21 9 9 11 12 11 21 22 2 5 5 27 1 5 27 27 1 27 1 27 
Time cost: 1.7453558444976807s

Result: 7030
Status of facilities: 1 0 1 0 1 0 0 0 0 0 0 0 1 0 0 0 0 1 0 1 0 1 0 0 0 0 1 1 1 1 
The assignment of customers to facilities: 27 19 21 28 2 17 26 21 27 29 2 2 26 17 12 4 21 21 12 0 0 26 19 17 17 2 29 4 29 4 29 2 2 2 0 0 0 12 21 12 4 12 28 28 29 26 26 17 17 21 21 0 0 12 12 4 19 19 2 29 29 27 28 29 27 28 27 27 28 29 
Time cost: 1.7425289154052734s

Result: 6406
Status of facilities: 0 1 0 0 0 1 1 0 0 1 0 0 0 1 0 0 0 0 1 0 1 1 0 0 1 0 0 0 1 0 
The assignment of customers to facilities: 18 21 18 24 13 20 9 21 1 5 24 1 13 9 18 6 21 21 18 21 9 13 20 20 20 13 28 6 28 5 5 24 13 13 21 9 1 1 21 6 18 1 28 24 5 13 9 20 9 6 21 9 9 18 6 6 21 20 13 5 5 1 1 5 28 5 28 28 28 28 
Time cost: 1.7471063137054443s

Result: 6219
Status of facilities: 1 1 1 0 0 1 1 0 0 1 0 0 1 0 0 0 0 0 0 0 0 1 0 0 0 0 1 0 1 0 
The assignment of customers to facilities: 12 21 6 28 2 9 26 0 1 5 5 2 26 9 12 6 21 21 12 0 0 26 0 21 9 2 28 6 28 5 5 2 2 2 0 9 1 12 21 6 6 12 28 28 5 26 26 9 9 6 21 0 9 6 6 6 21 21 2 5 5 12 1 5 28 28 1 1 28 28 
Time cost: 1.7368121147155762s

Result: 6170
Status of facilities: 1 0 1 0 0 1 1 0 0 1 0 0 1 0 0 0 0 1 0 0 0 1 0 0 0 0 0 0 1 1 
The assignment of customers to facilities: 12 21 6 28 2 17 9 21 12 29 5 2 2 9 12 6 21 21 12 0 0 9 0 17 17 2 29 6 29 29 5 2 2 2 0 9 0 12 21 6 6 12 28 28 5 9 9 17 17 6 21 0 9 6 6 6 21 21 2 29 5 29 28 29 28 28 29 28 29 29 
Time cost: 1.7404112815856934s

Result: 6318
Status of facilities: 1 1 1 0 0 1 1 0 0 1 0 0 0 0 0 1 0 0 0 0 0 0 1 0 0 0 0 1 1 0 
The assignment of customers to facilities: 27 22 15 1 2 22 9 0 27 5 5 2 2 9 6 6 15 15 15 0 0 9 22 22 22 2 27 6 27 27 5 2 2 2 0 22 1 1 15 6 27 1 28 28 5 9 9 22 9 15 22 0 9 6 6 6 0 22 2 28 5 27 1 5 27 28 1 27 28 28 
Time cost: 1.7348511219024658s

Result: 6024
Status of facilities: 0 0 1 0 0 0 1 0 0 1 0 0 1 0 0 0 0 0 0 0 1 1 0 1 0 0 0 1 1 0 
The assignment of customers to facilities: 12 21 6 23 2 20 9 21 27 27 23 23 2 9 12 6 21 21 12 12 9 9 20 20 20 2 27 6 27 27 28 2 2 2 21 20 23 12 21 6 27 12 28 23 28 2 9 20 9 6 21 9 9 6 6 6 21 20 2 27 23 27 28 28 27 28 27 27 28 28 
Time cost: 1.7463629245758057s

Result: 5944
Status of facilities: 1 0 0 0 0 0 0 0 0 1 0 1 1 0 0 0 0 0 0 0 0 1 1 1 0 0 0 0 1 1 
The assignment of customers to facilities: 12 21 11 23 23 22 9 21 12 29 23 23 23 9 12 11 21 11 12 0 0 9 22 22 22 23 29 12 29 29 29 23 23 23 0 22 23 12 21 11 29 12 29 23 28 9 9 22 9 11 21 0 9 11 12 11 21 22 23 29 29 29 28 29 28 28 28 28 28 29 
Time cost: 1.7406110763549805s

Result: 6356
Status of facilities: 0 0 1 0 0 0 1 0 0 1 0 0 1 0 0 0 0 0 0 0 0 1 1 0 1 0 1 1 1 0 
The assignment of customers to facilities: 12 21 6 24 2 22 26 21 27 27 24 2 26 9 12 6 21 21 12 12 9 26 22 22 22 2 27 6 27 27 28 2 2 2 22 22 2 12 21 6 27 12 27 24 24 26 26 22 9 6 21 9 9 6 6 6 21 22 2 28 24 27 28 28 27 28 27 27 28 28 
Time cost: 1.7530906200408936s

Result: 6532
Status of facilities: 1 1 1 0 0 1 1 0 0 0 0 1 1 0 0 0 0 1 0 0 0 1 0 0 0 0 1 0 0 1 
The assignment of customers to facilities: 12 21 11 1 2 17 26 21 12 29 5 2 26 17 12 11 21 11 12 0 0 26 0 17 17 2 29 6 29 29 5 2 2 2 0 0 1 12 21 11 6 12 29 1 5 26 26 17 17 11 21 0 0 6 6 6 21 21 2 29 5 29 1 29 29 29 1 1 1 29 
Time cost: 1.745488166809082s

Result: 6602
Status of facilities: 0 1 0 1 1 1 0 0 0 1 0 0 1 0 0 1 0 0 0 0 1 1 0 1 0 0 0 0 1 0 
The assignment of customers to facilities: 12 21 15 23 23 20 9 21 1 5 5 23 3 9 12 15 21 15 12 21 9 9 20 20 20 3 28 4 4 4 5 23 23 3 21 9 1 12 21 15 4 12 28 23 5 3 3 20 9 15 21 9 9 15 12 12 21 20 23 5 5 1 1 5 28 28 1 28 28 28 
Time cost: 1.7543785572052002s

Result: 6341
Status of facilities: 0 1 0 0 0 1 1 0 0 1 0 0 1 0 0 0 0 0 0 1 0 1 0 0 0 1 0 0 1 1 
The assignment of customers to facilities: 12 19 6 28 25 19 25 21 1 29 5 1 25 9 12 6 21 21 12 12 25 9 19 19 9 25 29 6 29 29 5 5 25 25 19 9 25 12 21 6 6 12 28 28 5 25 9 9 9 6 21 25 9 6 6 6 19 19 25 29 5 29 1 29 28 28 1 28 28 29 
Time cost: 1.7489957809448242s

Result: 6350
Status of facilities: 1 0 1 0 0 0 0 0 0 1 0 0 1 0 0 0 0 0 1 0 1 1 0 0 0 0 0 1 1 1 
The assignment of customers to facilities: 18 21 18 28 2 20 9 21 27 29 2 2 2 9 18 18 21 21 12 0 0 9 20 20 20 2 29 18 29 29 29 2 2 2 0 9 0 12 21 18 27 12 28 28 28 9 9 20 9 18 21 0 9 18 18 18 21 20 2 29 29 27 28 29 27 28 27 27 28 29 
Time cost: 1.7549512386322021s

Result: 6373
Status of facilities: 1 1 0 1 0 1 1 0 0 1 0 0 1 0 0 0 0 0 0 0 1 1 0 1 0 0 0 0 1 0 
The assignment of customers to facilities: 12 21 6 23 23 20 9 21 1 5 5 23 3 9 12 6 21 21 12 0 0 9 20 20 20 3 28 6 28 5 5 23 23 3 0 9 1 12 21 6 6 12 28 23 5 3 3 20 9 6 21 0 9 6 6 6 21 20 23 5 5 1 1 5 28 28 1 28 28 28 
Time cost: 1.7437901496887207s

Result: 6011
Status of facilities: 1 1 0 0 0 0 1 0 0 1 0 0 1 1 0 0 0 0 0 0 0 1 1 0 0 0 0 0 1 1 
The assignment of customers to facilities: 12 21 6 28 13 22 9 21 1 29 28 1 13 9 12 6 21 21 12 0 0 9 22 22 22 13 29 6 29 29 29 13 13 13 0 22 1 12 21 6 6 12 28 28 29 9 9 22 9 6 21 0 9 6 6 6 21 22 13 29 29 29 1 29 28 28 1 28 28 29 
Time cost: 1.7480530738830566s

Result: 6305
Status of facilities: 1 1 0 1 0 0 1 0 0 0 0 0 1 0 0 0 0 0 0 0 0 1 1 1 0 0 0 1 1 0 
The assignment of customers to facilities: 12 21 6 28 23 22 3 21 27 27 23 23 3 22 12 6 21 21 12 0 0 3 22 22 22 3 27 6 27 27 28 23 23 3 0 22 1 12 21 6 27 12 27 23 28 3 3 22 22 6 21 0 0 6 6 6 21 22 23 1 28 27 1 28 27 27 1 27 28 28 
Time cost: 1.744767189025879s

Result: 6435
Status of facilities: 1 1 1 0 0 1 1 0 0 1 0 0 1 1 0 0 0 0 0 0 1 1 0 0 0 0 0 1 0 0 
The assignment of customers to facilities: 12 21 6 1 2 20 9 21 27 5 5 2 13 9 12 6 21 21 12 0 0 9 20 20 20 13 27 6 27 27 5 2 2 13 0 9 1 12 21 6 27 12 27 1 5 9 9 20 9 6 21 0 9 6 6 6 21 20 2 5 5 27 1 5 27 27 1 27 1 27 
Time cost: 1.7627654075622559s

Result: 6208
Status of facilities: 1 1 1 0 0 0 1 0 1 1 0 0 0 0 0 1 0 1 0 0 0 0 0 0 0 0 0 0 1 1 
The assignment of customers to facilities: 6 8 15 28 2 17 9 8 1 29 2 2 2 9 6 6 8 15 15 0 0 9 0 8 17 2 29 6 29 29 29 2 2 2 0 9 1 1 15 6 6 1 28 28 29 9 9 17 17 15 8 0 9 6 6 6 0 8 2 29 29 29 1 29 28 28 1 28 28 29 
Time cost: 1.7820041179656982s

