Begin: 13928

Result: 5478
Status of facilities: 0 0 1 0 0 1 0 1 0 0 0 0 0 1 0 0 0 0 1 0 0 1 0 0 0 0 1 0 1 0 
The assignment of customers to facilities: 2 2 2 2 2 2 2 2 5 5 5 5 5 7 7 7 7 7 7 7 7 7 7 7 7 7 7 13 13 13 13 13 13 13 13 13 18 18 18 13 13 13 18 18 18 18 18 18 21 18 21 18 2 21 21 21 21 26 26 26 26 26 26 26 28 28 28 28 26 28 
Time cost: 1.7918426990509033s

Result: 6133
Status of facilities: 1 1 0 0 0 1 0 1 0 1 0 0 0 1 1 0 0 0 0 0 1 0 1 0 0 0 0 0 0 1 
The assignment of customers to facilities: 0 1 1 1 1 1 1 1 5 5 5 5 5 7 7 7 7 7 7 7 7 7 9 9 9 9 9 13 13 14 13 13 13 14 13 14 13 13 13 13 13 13 20 20 20 20 20 20 22 20 22 20 0 22 22 22 22 22 0 0 0 0 0 0 29 29 29 29 29 29 
Time cost: 1.8040227890014648s

Result: 6347
Status of facilities: 1 0 1 0 1 0 0 0 0 1 0 0 1 1 0 0 0 0 1 0 0 0 1 0 1 0 0 0 0 0 
The assignment of customers to facilities: 0 0 2 2 2 2 2 2 4 4 4 4 4 12 2 2 12 2 2 2 9 2 9 9 9 9 9 12 12 12 13 13 13 13 13 13 18 18 18 13 13 13 18 18 18 18 18 18 22 18 22 18 0 22 22 22 22 24 24 24 24 24 24 24 0 0 0 0 0 0 
Time cost: 1.8000271320343018s

Result: 6059
Status of facilities: 1 1 1 0 0 0 1 0 0 1 0 0 0 1 0 0 0 0 0 0 1 0 1 0 0 0 0 0 0 0 
The assignment of customers to facilities: 1 1 1 2 1 2 2 2 2 2 2 2 2 6 6 6 6 6 6 6 6 6 9 9 9 9 9 13 13 13 13 13 13 13 13 13 13 13 13 13 13 13 20 20 20 20 20 20 22 20 22 20 0 22 22 22 22 22 22 0 0 0 0 0 0 0 0 1 0 0 
Time cost: 1.7948431968688965s

Result: 5831
Status of facilities: 0 0 1 0 0 1 1 0 0 1 0 0 0 1 1 0 0 0 1 0 0 0 0 1 1 0 0 0 1 0 
The assignment of customers to facilities: 2 2 2 2 2 2 2 2 5 5 5 5 5 6 6 6 6 6 6 6 6 6 9 9 9 9 9 13 13 14 13 13 13 14 13 14 18 18 18 13 13 13 18 18 18 18 18 18 23 18 23 18 2 23 23 23 23 24 24 24 24 24 24 24 28 28 28 28 2 28 
Time cost: 1.7890212535858154s

Result: 6229
Status of facilities: 1 0 1 0 0 1 0 1 0 1 0 0 0 0 0 1 0 0 1 1 0 1 0 0 0 0 1 0 1 0 
The assignment of customers to facilities: 0 0 0 2 2 2 2 2 5 5 5 5 5 7 7 7 7 7 7 7 7 7 9 9 9 9 9 15 15 15 15 15 15 15 15 15 18 18 18 18 18 15 18 19 18 19 18 19 21 18 21 18 0 21 21 21 21 26 26 26 26 26 26 26 28 28 28 28 28 0 
Time cost: 1.780395746231079s

Result: 5666
Status of facilities: 0 0 1 0 0 0 1 0 0 1 0 0 0 1 1 0 0 1 0 0 1 0 0 1 0 0 1 0 1 0 
The assignment of customers to facilities: 2 2 2 2 2 2 2 2 2 2 2 2 2 6 6 6 6 6 6 6 6 6 9 9 9 9 9 13 13 14 13 13 13 14 13 14 17 17 17 17 17 17 20 20 20 20 20 20 23 20 23 20 2 23 23 23 23 26 26 26 26 26 26 26 26 28 28 28 28 28 
Time cost: 1.8078830242156982s

Result: 5796
Status of facilities: 1 1 0 0 0 1 1 0 0 1 0 0 1 0 1 0 0 1 0 0 0 1 0 0 0 1 0 0 1 0 
The assignment of customers to facilities: 0 1 1 1 1 1 1 1 5 5 5 5 5 6 6 6 6 6 6 6 6 6 9 9 9 9 9 12 12 14 12 14 14 14 14 14 17 17 17 17 17 17 12 25 12 12 12 12 21 17 21 25 0 21 21 21 21 25 25 25 25 25 25 25 28 28 28 28 0 28 
Time cost: 1.8066492080688477s

Result: 6168
Status of facilities: 0 1 1 1 0 0 1 0 0 1 0 0 0 1 1 0 0 0 0 0 1 0 0 1 0 0 0 0 1 0 
The assignment of customers to facilities: 2 1 1 2 2 2 2 2 3 3 3 3 3 6 6 6 6 6 6 6 6 6 9 9 9 9 9 13 13 14 13 13 13 14 13 14 13 13 13 13 13 13 20 20 20 20 20 20 23 20 23 20 1 23 23 23 23 23 20 1 28 2 1 1 1 28 28 28 28 28 
Time cost: 1.8045387268066406s

Result: 5818
Status of facilities: 0 1 0 0 0 1 1 0 0 1 0 0 1 0 1 0 1 0 0 0 1 0 1 0 0 1 0 1 0 0 
The assignment of customers to facilities: 1 1 1 1 6 1 6 1 5 5 5 5 5 6 6 6 6 6 6 6 6 6 9 9 9 9 9 12 12 14 12 14 14 14 14 14 16 16 16 16 16 16 20 20 20 20 20 20 22 20 22 20 1 22 22 22 22 25 25 25 25 25 25 25 27 27 27 27 27 27 
Time cost: 1.79728102684021s

Result: 6034
Status of facilities: 1 1 0 0 0 0 1 0 0 0 0 1 0 0 1 0 0 1 1 0 0 1 0 0 0 0 1 0 0 1 
The assignment of customers to facilities: 0 0 1 0 1 1 0 0 1 0 1 6 1 6 6 6 6 6 6 6 6 6 11 11 11 11 11 14 14 14 14 14 14 14 14 14 17 17 17 17 17 17 18 18 18 18 18 18 21 18 21 18 0 21 21 21 21 26 26 26 26 26 26 26 29 29 29 29 29 29 
Time cost: 1.7981736660003662s

Result: 5378
Status of facilities: 1 0 0 0 0 1 1 0 0 1 0 0 0 1 0 0 0 0 0 0 1 0 0 1 0 1 0 0 1 0 
The assignment of customers to facilities: 0 0 0 0 0 0 0 0 5 5 5 5 5 6 6 6 6 6 6 6 6 6 9 9 9 9 9 13 13 13 13 13 13 13 13 13 13 13 13 13 13 13 20 20 20 20 20 20 23 20 23 20 0 23 23 23 23 25 25 25 25 25 25 25 28 28 28 28 0 28 
Time cost: 1.79543137550354s

Result: 6290
Status of facilities: 1 1 0 0 0 0 1 1 0 0 0 0 1 1 0 0 0 0 0 0 1 0 0 1 1 0 0 0 1 0 
The assignment of customers to facilities: 0 1 1 1 1 1 1 1 1 7 0 7 7 6 6 6 7 7 7 7 7 7 7 7 7 7 7 12 12 12 13 13 13 13 13 13 13 12 12 13 13 13 20 20 20 20 20 20 23 20 23 20 0 23 23 23 23 24 24 24 24 24 24 24 28 28 28 28 0 28 
Time cost: 1.7887601852416992s

Result: 5942
Status of facilities: 1 0 0 0 0 0 1 1 0 0 1 0 0 0 1 0 0 1 0 0 1 0 1 0 0 1 0 0 1 0 
The assignment of customers to facilities: 0 0 0 0 0 0 0 0 0 7 7 7 7 6 6 6 7 7 7 7 7 7 10 10 10 10 10 14 14 14 14 14 14 14 14 14 17 17 17 17 17 17 20 20 20 20 20 20 22 20 22 20 0 22 22 22 22 25 25 25 25 25 25 25 28 0 28 28 28 28 
Time cost: 1.7865588665008545s

Result: 5868
Status of facilities: 1 0 1 0 0 0 1 0 1 0 0 0 0 1 0 0 0 1 0 0 1 0 1 0 1 0 0 0 0 0 
The assignment of customers to facilities: 0 0 0 2 2 2 2 2 2 2 2 2 2 6 6 6 6 6 6 6 6 6 8 8 8 8 8 13 13 13 13 13 13 13 13 13 17 17 17 17 17 17 20 20 20 20 20 20 22 20 22 20 0 22 22 22 22 24 24 24 24 24 24 24 0 0 2 0 0 0 
Time cost: 1.7835006713867188s

Result: 5986
Status of facilities: 1 1 0 0 0 1 1 0 1 0 0 0 1 1 0 0 0 1 0 0 0 0 1 0 0 0 0 0 1 0 
The assignment of customers to facilities: 0 1 1 1 1 1 1 1 5 5 5 5 5 6 6 6 6 6 6 6 6 6 8 8 8 8 8 12 12 12 13 13 13 13 13 13 17 17 17 17 17 17 12 13 12 12 12 12 22 17 22 13 1 22 22 22 22 22 0 0 0 0 0 0 28 28 28 28 28 0 
Time cost: 1.801255226135254s

Result: 6187
Status of facilities: 1 0 1 1 0 0 1 0 0 0 1 0 1 1 0 0 0 0 0 0 1 0 0 1 0 0 0 0 1 0 
The assignment of customers to facilities: 0 0 0 2 2 2 2 2 3 3 3 3 3 6 6 6 6 6 6 6 6 6 10 10 10 10 10 12 12 12 13 13 13 13 13 13 12 13 13 13 13 13 20 20 20 20 20 20 23 20 23 20 0 23 23 23 23 23 28 0 0 0 0 0 28 28 28 0 28 28 
Time cost: 1.7820124626159668s

Result: 6031
Status of facilities: 0 1 0 0 0 1 0 0 0 1 0 0 0 0 1 1 0 1 1 0 0 0 0 1 1 0 0 0 0 1 
The assignment of customers to facilities: 29 1 1 1 1 1 1 1 5 5 5 5 5 14 14 14 14 15 14 5 9 5 9 9 9 9 9 14 14 14 14 15 15 14 15 15 17 17 17 17 17 17 18 18 18 18 18 18 23 18 23 18 1 23 23 23 23 24 24 24 24 24 24 24 29 29 29 29 29 29 
Time cost: 1.7853257656097412s

Result: 6286
Status of facilities: 1 0 1 1 0 0 1 0 0 0 0 0 0 1 1 0 0 0 1 0 0 0 1 0 0 1 0 0 1 0 
The assignment of customers to facilities: 0 0 0 2 2 2 2 2 3 3 3 3 3 6 6 6 6 6 6 6 6 6 14 6 14 14 6 13 13 14 13 13 13 14 13 14 18 18 18 13 13 13 18 18 18 18 18 18 22 18 22 18 0 22 22 22 22 25 25 25 25 25 25 25 28 28 28 28 0 28 
Time cost: 1.7740559577941895s

Result: 5828
Status of facilities: 0 1 0 0 0 1 1 0 0 1 0 0 0 1 1 0 0 1 0 1 0 1 0 0 0 0 1 0 1 0 
The assignment of customers to facilities: 1 1 1 1 1 6 6 6 5 5 5 5 5 6 6 6 6 6 6 6 6 6 9 9 9 9 9 13 13 14 13 13 13 14 13 14 17 17 17 17 17 17 19 19 19 19 19 19 21 19 21 19 1 21 21 21 21 26 26 26 26 26 26 26 28 26 28 28 28 28 
Time cost: 1.7823669910430908s

Result: 5764
Status of facilities: 0 1 1 0 0 0 1 0 0 1 0 0 0 1 0 0 0 0 1 0 0 1 0 0 1 0 0 0 1 0 
The assignment of customers to facilities: 1 1 1 2 1 2 2 2 2 2 2 2 2 6 6 6 6 6 6 6 6 6 9 9 9 9 9 13 13 13 13 13 13 13 13 13 18 18 18 13 13 13 18 18 18 18 18 18 21 18 21 18 1 21 21 21 21 24 24 24 24 24 24 24 28 28 2 28 28 28 
Time cost: 1.7899441719055176s

Result: 6088
Status of facilities: 1 1 0 0 0 1 1 0 0 1 0 0 1 0 0 1 0 0 0 0 1 1 0 0 0 0 0 1 0 0 
The assignment of customers to facilities: 0 1 1 1 1 1 1 1 5 5 5 5 5 6 6 6 6 6 6 6 6 6 9 9 9 9 9 12 15 15 12 15 15 15 15 15 12 12 12 15 12 15 20 20 20 20 20 20 21 20 21 20 0 21 21 21 21 27 0 0 0 0 0 0 27 27 27 27 27 27 
Time cost: 1.7808196544647217s

Result: 5727
Status of facilities: 1 0 1 0 0 0 1 0 0 1 0 0 1 0 0 0 1 0 0 0 1 1 0 0 0 0 1 0 0 0 
The assignment of customers to facilities: 0 0 0 2 2 2 2 2 2 2 2 2 2 6 6 6 6 6 6 6 6 6 9 9 9 9 9 12 12 12 20 12 20 12 12 12 16 16 16 16 16 16 20 20 20 20 20 20 21 20 21 20 0 21 21 21 21 26 26 26 26 26 26 26 26 26 26 0 0 0 
Time cost: 1.7930412292480469s

Result: 6633
Status of facilities: 1 1 0 1 0 0 1 0 0 1 0 0 0 0 1 1 0 1 0 0 1 0 0 0 1 1 0 0 0 0 
The assignment of customers to facilities: 0 1 1 1 1 1 1 1 3 3 3 3 3 6 6 6 6 6 6 6 6 6 9 9 9 9 9 14 14 14 14 14 15 14 15 15 17 17 17 17 17 17 20 20 20 20 20 20 24 20 24 20 0 24 24 24 24 24 24 25 25 25 25 25 0 0 0 0 0 0 
Time cost: 1.7980151176452637s

Result: 6303
Status of facilities: 0 1 1 0 0 1 1 0 0 0 0 0 0 1 1 0 0 1 0 1 0 0 1 0 0 0 0 0 1 0 
The assignment of customers to facilities: 2 1 1 2 1 2 2 2 5 5 5 5 5 6 6 6 6 6 6 6 6 6 14 6 14 14 6 13 13 14 13 13 13 14 13 14 17 17 17 17 17 17 19 19 19 19 19 19 22 19 22 19 1 22 22 22 22 22 28 19 19 1 19 1 28 28 28 1 28 28 
Time cost: 1.8333892822265625s

Result: 6177
Status of facilities: 1 0 1 0 0 0 1 0 0 1 0 0 1 1 1 0 0 1 0 0 0 1 0 0 0 0 1 0 0 0 
The assignment of customers to facilities: 0 0 0 2 2 2 2 2 2 2 2 2 2 6 6 6 6 6 6 6 6 6 9 9 9 9 9 12 13 14 13 13 13 14 13 14 17 17 17 17 17 17 14 12 12 12 12 14 21 12 21 14 0 21 21 21 21 26 26 26 26 26 26 26 26 26 26 0 0 0 
Time cost: 1.8623216152191162s

Result: 6069
Status of facilities: 1 1 0 0 0 0 1 0 0 1 0 0 0 1 0 0 0 1 1 0 0 0 0 0 1 0 0 0 1 0 
The assignment of customers to facilities: 0 1 1 1 1 0 0 0 0 0 1 6 1 6 6 6 6 6 6 6 6 6 9 9 9 9 9 13 13 13 13 13 13 13 13 13 17 17 17 17 17 17 18 18 18 18 18 18 24 18 24 18 0 24 24 24 24 24 24 24 24 24 24 24 28 28 0 28 28 28 
Time cost: 1.8572757244110107s

Result: 5880
Status of facilities: 1 1 0 1 0 0 1 0 0 0 1 0 0 1 0 0 0 0 1 0 0 0 0 1 0 0 0 0 1 0 
The assignment of customers to facilities: 0 1 1 1 1 1 1 1 3 3 3 3 3 6 6 6 6 6 6 6 6 6 10 10 10 10 10 13 13 13 13 13 13 13 13 13 18 18 18 13 13 13 18 18 18 18 18 18 23 18 23 18 0 23 23 23 23 23 0 0 0 0 0 0 28 28 28 28 0 28 
Time cost: 1.8671202659606934s

Result: 5905
Status of facilities: 1 1 0 0 0 0 0 1 0 1 0 0 1 0 1 0 0 1 0 0 1 1 0 0 0 1 0 0 1 0 
The assignment of customers to facilities: 0 1 1 0 1 1 1 1 0 7 1 7 7 7 7 7 7 7 7 7 7 7 9 9 9 9 9 12 12 14 12 14 14 14 14 14 17 17 17 17 17 17 20 20 20 20 20 20 21 20 21 20 0 21 21 21 21 25 25 25 25 25 25 25 0 28 28 28 28 28 
Time cost: 1.8692436218261719s

Result: 5664
Status of facilities: 0 1 1 0 0 1 0 1 0 0 0 0 0 1 0 0 0 0 0 0 1 0 0 1 0 0 1 0 1 0 
The assignment of customers to facilities: 1 1 1 2 1 2 2 2 5 5 5 5 5 7 7 7 7 7 7 7 7 7 7 7 7 7 7 13 13 13 13 13 13 13 13 13 13 13 13 13 13 13 20 20 20 20 20 20 23 20 23 20 1 23 23 23 23 26 26 26 26 26 26 26 28 28 28 28 26 28 
Time cost: 1.8925449848175049s

