Begin: 18537

Result: 8152
Status of facilities: 1 1 0 1 0 1 0 0 0 0 1 0 1 1 1 1 0 0 0 0 
The assignment of customers to facilities: 15 0 15 10 13 13 5 5 15 1 5 3 0 13 13 13 12 5 5 15 10 0 10 14 14 14 1 3 3 15 1 1 15 15 15 5 13 13 10 0 0 13 13 13 12 5 5 5 5 15 15 5 10 14 14 10 0 0 5 12 13 5 1 5 15 15 10 3 1 1 15 0 10 0 10 3 3 15 15 3 15 5 12 12 0 13 0 1 5 1 13 13 13 12 12 13 13 13 12 13 
Time cost: 1.8867464065551758s

Result: 8074
Status of facilities: 1 1 0 0 0 1 1 0 0 0 0 0 1 1 1 1 0 0 0 1 
The assignment of customers to facilities: 15 6 19 14 13 13 5 5 15 1 5 19 6 13 6 13 12 5 5 15 0 0 0 14 14 14 1 19 19 15 1 1 19 19 15 5 13 12 14 0 0 13 13 13 5 5 5 5 5 19 15 5 0 14 14 0 6 6 6 12 13 5 1 5 15 15 14 19 1 1 15 0 0 0 0 19 19 19 19 19 19 5 12 12 12 13 6 5 5 1 13 13 12 13 13 6 13 13 13 13 
Time cost: 1.8905611038208008s

Result: 8304
Status of facilities: 1 1 0 0 0 1 1 0 0 0 0 0 1 1 1 1 1 0 0 1 
The assignment of customers to facilities: 15 6 19 14 16 12 5 16 15 1 5 14 6 13 6 13 12 16 5 15 0 0 0 14 14 0 1 19 19 15 1 1 19 19 15 5 13 13 14 0 0 13 13 13 16 5 5 5 5 15 15 5 0 14 14 0 6 6 12 16 13 5 1 5 15 15 14 19 1 1 15 0 0 0 0 19 19 19 19 19 19 5 16 12 12 13 6 5 16 1 13 13 13 13 13 12 13 13 12 13 
Time cost: 1.8648817539215088s

Result: 8833
Status of facilities: 1 1 1 1 0 1 0 0 0 0 0 0 1 1 1 1 0 1 0 0 
The assignment of customers to facilities: 15 0 17 14 2 13 5 5 15 1 5 3 13 13 0 13 12 5 2 15 0 0 0 14 14 14 1 3 15 15 1 1 17 15 15 5 13 13 14 0 0 13 13 13 5 5 5 5 5 17 15 5 0 14 14 0 13 0 12 12 13 2 1 5 15 15 14 3 1 1 15 0 0 0 0 17 3 15 15 3 15 5 12 12 5 13 13 2 12 1 13 13 12 2 5 13 13 13 12 13 
Time cost: 1.8782591819763184s

Result: 8352
Status of facilities: 1 1 0 1 0 1 0 0 0 0 1 0 1 1 1 1 0 0 0 0 
The assignment of customers to facilities: 15 0 15 10 12 13 5 5 15 1 5 3 0 12 13 12 13 5 15 15 10 0 10 14 14 14 1 3 3 15 1 1 15 15 15 5 13 13 10 0 0 13 13 13 5 5 5 5 5 15 15 5 10 14 14 10 0 0 13 13 13 5 1 5 15 15 10 3 1 1 15 0 0 0 10 3 3 15 15 3 15 5 12 12 13 13 0 5 5 1 13 13 5 0 12 13 13 13 13 13 
Time cost: 1.89497971534729s

Result: 8317
Status of facilities: 1 1 0 0 0 1 1 0 0 0 0 0 1 1 1 1 1 0 0 1 
The assignment of customers to facilities: 15 6 19 14 12 13 5 16 15 1 5 19 6 13 6 13 12 16 5 15 0 0 0 14 14 14 1 19 19 15 1 1 19 19 15 5 13 13 14 0 0 13 13 13 16 5 5 5 5 19 15 5 0 14 14 0 6 6 13 12 13 5 1 5 15 15 14 19 1 1 15 0 0 0 0 19 19 19 19 19 19 5 16 12 16 12 6 5 16 1 13 13 13 12 13 13 13 13 13 13 
Time cost: 1.8945972919464111s

Result: 8112
Status of facilities: 1 1 0 1 0 1 0 0 0 0 0 0 1 1 1 1 0 0 1 0 
The assignment of customers to facilities: 15 0 15 14 12 13 5 5 15 1 5 3 18 13 13 13 12 5 5 15 0 0 0 14 14 14 1 3 3 15 1 1 15 15 15 5 13 13 14 0 0 13 13 13 12 5 5 5 5 15 15 5 0 14 14 0 13 0 18 12 13 5 1 5 15 15 14 3 1 1 15 0 0 0 0 3 3 15 15 3 15 5 12 12 18 13 13 5 12 1 13 13 13 18 18 13 13 18 18 13 
Time cost: 1.9485058784484863s

Result: 8296
Status of facilities: 1 1 0 0 0 1 1 0 0 0 0 0 1 1 1 1 0 0 1 1 
The assignment of customers to facilities: 15 6 19 14 12 18 5 5 15 1 5 19 6 13 6 13 12 5 5 15 0 0 0 14 14 14 1 19 19 15 1 1 19 19 15 5 13 13 14 0 0 13 13 13 12 5 5 5 5 15 15 5 0 14 14 0 6 6 18 12 13 5 1 5 15 15 14 19 1 1 15 0 0 0 0 19 19 19 19 19 19 5 12 12 13 13 6 5 12 1 13 13 13 18 18 18 18 13 13 13 
Time cost: 1.940887212753296s

Result: 8803
Status of facilities: 1 1 1 1 0 0 0 0 0 0 1 0 1 1 1 1 1 0 0 0 
The assignment of customers to facilities: 15 0 15 10 12 13 2 16 15 1 2 3 0 13 13 13 12 16 2 15 0 0 10 14 14 14 1 3 15 15 1 1 15 15 15 2 13 13 10 0 0 13 13 13 16 16 2 2 2 15 15 2 0 14 14 10 0 0 13 12 13 2 1 2 15 15 10 3 1 1 15 0 0 0 10 3 3 15 15 3 15 16 16 12 12 16 0 2 16 1 12 13 12 13 13 13 13 13 13 13 
Time cost: 1.9846720695495605s

Result: 8573
Status of facilities: 1 1 0 1 0 1 1 0 0 0 0 0 1 1 1 1 0 1 0 0 
The assignment of customers to facilities: 15 6 17 14 5 13 5 5 15 1 5 3 6 13 6 13 12 5 5 15 0 0 0 14 14 14 1 3 15 15 1 1 17 15 15 5 13 13 14 0 0 13 6 13 1 5 5 5 5 17 15 5 0 14 14 0 6 6 12 12 12 5 1 5 15 15 14 3 15 1 15 0 0 0 0 17 3 15 15 3 15 5 12 12 13 13 6 5 12 1 13 13 12 6 13 13 13 13 13 13 
Time cost: 1.9815876483917236s

Result: 8217
Status of facilities: 1 1 0 0 0 1 1 0 0 0 1 0 1 1 0 1 1 0 0 1 
The assignment of customers to facilities: 15 6 19 10 12 13 5 16 15 1 5 19 6 13 6 13 12 16 5 15 0 0 10 19 10 10 1 19 19 15 1 1 19 19 15 5 13 13 10 0 0 13 13 13 16 5 5 5 5 19 15 5 0 10 10 10 6 0 12 12 13 5 1 5 15 15 10 19 1 1 15 0 0 0 10 19 19 19 19 19 19 5 16 12 13 13 6 5 12 1 13 13 13 6 6 12 6 13 13 13 
Time cost: 1.9543335437774658s

Result: 9274
Status of facilities: 1 1 1 0 0 1 1 0 0 0 1 0 1 0 1 1 0 0 0 1 
The assignment of customers to facilities: 15 6 19 10 5 12 5 5 15 1 5 14 6 6 6 5 12 5 2 15 0 0 10 14 14 14 1 19 19 15 1 1 19 19 15 5 12 6 10 0 0 6 6 12 5 5 5 5 5 19 15 2 0 14 14 10 6 0 6 12 6 5 1 5 15 15 10 19 1 1 15 0 0 0 10 19 19 19 19 19 19 5 12 12 6 6 6 2 12 1 12 12 6 0 6 12 6 12 12 6 
Time cost: 1.961103916168213s

Result: 9277
Status of facilities: 1 1 1 1 0 1 0 0 0 0 1 0 1 1 1 0 0 1 0 0 
The assignment of customers to facilities: 17 0 17 10 5 13 5 5 17 5 5 3 0 13 13 13 12 5 2 1 0 0 10 14 14 14 1 3 3 1 2 1 17 17 17 5 13 13 10 0 0 13 13 13 5 5 5 5 5 17 17 2 10 14 14 10 0 0 13 12 13 5 1 5 17 1 10 3 1 1 17 0 0 0 10 17 3 17 17 3 17 5 12 12 12 13 0 2 2 1 13 13 13 13 0 12 13 12 13 12 
Time cost: 1.9727940559387207s

Result: 8189
Status of facilities: 1 1 0 0 0 1 0 0 0 0 0 0 1 1 1 1 1 0 0 1 
The assignment of customers to facilities: 15 0 19 14 16 13 5 16 15 1 5 19 12 13 13 13 12 16 5 15 0 0 14 14 14 14 1 19 19 15 1 1 19 19 15 5 13 13 0 0 0 13 13 13 16 5 5 5 5 19 15 5 0 14 14 0 13 0 13 12 13 5 1 5 15 15 14 19 1 1 15 0 0 0 0 19 19 19 19 19 19 5 16 12 16 13 16 5 12 1 13 13 12 12 16 13 13 13 13 13 
Time cost: 1.9526989459991455s

Result: 8043
Status of facilities: 0 1 0 1 0 1 1 0 0 0 1 0 1 1 1 1 0 0 0 0 
The assignment of customers to facilities: 15 6 15 10 13 12 5 5 15 1 5 3 6 13 6 13 12 5 5 15 10 10 10 14 14 14 1 3 15 15 1 1 15 15 15 5 13 13 10 10 10 13 13 13 5 5 5 5 5 15 15 5 10 14 14 10 6 6 6 12 13 5 1 5 15 15 10 3 1 1 15 10 10 10 10 3 3 15 15 3 15 5 12 12 6 12 6 5 12 1 13 13 12 13 13 13 13 13 13 13 
Time cost: 1.933316946029663s

Result: 8570
Status of facilities: 1 1 0 1 0 1 1 0 0 0 1 0 1 1 1 1 1 0 0 0 
The assignment of customers to facilities: 15 6 15 10 12 12 5 16 15 1 5 3 6 13 6 13 12 16 5 15 0 0 10 14 14 14 1 3 15 15 1 1 15 15 15 5 13 13 10 0 0 13 13 13 16 5 5 5 5 15 15 5 0 14 14 10 6 0 12 12 12 5 1 5 15 15 10 3 1 1 15 0 0 0 10 3 3 15 15 3 15 5 16 12 13 13 6 5 16 1 13 13 13 6 13 13 6 13 12 13 
Time cost: 1.9125781059265137s

Result: 8532
Status of facilities: 1 1 1 0 0 0 0 0 0 0 1 0 1 1 1 1 0 0 0 1 
The assignment of customers to facilities: 15 0 19 10 2 12 2 2 15 1 2 14 0 0 0 12 12 2 2 15 10 0 10 14 14 14 1 19 19 15 1 1 19 19 15 2 13 13 10 10 0 13 13 13 12 2 2 2 2 19 15 2 0 14 14 10 0 0 13 12 13 2 1 2 15 15 10 19 1 1 15 0 0 0 10 19 19 19 19 19 19 2 12 12 13 13 0 2 12 1 13 13 2 12 13 13 13 13 13 13 
Time cost: 1.8702726364135742s

Result: 9398
Status of facilities: 1 1 1 1 0 1 1 0 0 0 1 0 1 1 1 0 0 1 0 0 
The assignment of customers to facilities: 17 6 17 10 12 13 5 5 17 1 5 3 6 6 6 13 12 5 2 1 0 0 10 14 14 14 2 3 3 1 5 1 17 17 17 5 13 13 10 0 0 13 13 13 12 5 5 5 5 17 17 2 0 14 14 10 6 0 6 12 13 5 1 5 17 1 10 3 1 1 17 0 0 0 10 17 3 17 17 3 17 5 12 12 13 13 6 2 12 1 13 13 12 6 13 13 13 13 13 13 
Time cost: 1.8790655136108398s

Result: 8117
Status of facilities: 1 1 0 1 0 1 0 0 0 0 0 0 1 1 1 1 0 0 1 0 
The assignment of customers to facilities: 15 0 15 14 12 13 5 5 15 1 5 3 13 13 13 13 12 5 5 15 0 0 0 14 14 14 1 3 3 15 1 1 15 15 15 5 13 13 14 0 0 13 13 13 12 5 5 5 5 15 15 5 0 14 14 0 0 0 18 12 13 5 1 5 15 15 14 3 1 1 15 0 0 0 0 3 3 15 15 3 15 5 12 12 18 13 13 5 12 1 13 13 13 18 18 18 18 13 18 13 
Time cost: 1.875544548034668s

Result: 10405
Status of facilities: 1 1 1 1 0 0 1 0 0 0 1 0 1 0 1 0 1 0 0 0 
The assignment of customers to facilities: 1 6 3 10 16 12 2 16 1 1 2 3 6 6 6 16 12 16 2 1 0 0 10 14 14 14 2 3 3 2 2 2 3 3 3 2 12 6 10 0 0 6 6 12 16 16 2 2 2 3 3 2 0 14 14 10 6 6 6 12 12 2 1 2 1 1 10 3 2 1 3 0 0 0 10 3 3 3 3 3 3 16 16 12 6 16 6 2 16 1 12 12 12 6 6 12 6 6 12 6 
Time cost: 1.8485145568847656s

Result: 10821
Status of facilities: 1 1 1 1 1 0 0 0 0 0 1 0 1 0 1 0 1 0 0 0 
The assignment of customers to facilities: 1 0 3 10 16 12 2 16 1 2 2 3 4 0 0 16 12 16 2 1 0 0 10 14 14 14 2 3 3 2 2 2 3 3 1 2 12 16 10 0 0 0 0 12 16 16 2 2 2 3 1 2 10 14 14 10 0 0 4 12 12 2 1 2 1 1 10 3 2 1 3 0 0 0 10 3 3 3 3 3 3 16 16 12 16 16 0 2 16 1 12 12 16 4 4 4 4 12 12 12 
Time cost: 1.8571891784667969s

Result: 8007
Status of facilities: 1 1 0 0 0 1 1 0 0 0 1 0 1 1 1 1 0 0 0 0 
The assignment of customers to facilities: 15 6 15 10 5 13 5 5 15 1 5 14 6 13 6 13 12 5 5 15 0 0 10 14 14 14 1 15 14 15 1 1 15 15 15 5 13 13 10 0 0 13 13 13 12 5 5 5 5 15 15 5 0 14 14 10 6 6 13 12 13 5 1 5 15 15 10 14 1 1 15 0 0 0 10 15 10 15 15 14 15 5 12 12 13 12 6 5 12 1 13 13 6 6 13 12 13 13 13 13 
Time cost: 1.874603509902954s

Result: 8558
Status of facilities: 1 1 1 0 0 1 0 0 0 0 1 0 1 1 1 0 0 0 0 1 
The assignment of customers to facilities: 19 0 19 10 12 13 5 5 19 1 5 14 0 13 13 13 12 5 2 1 0 0 10 14 14 14 1 19 19 19 1 1 19 19 19 5 13 13 10 0 0 13 0 13 12 5 5 5 5 19 19 2 10 14 14 10 0 0 0 12 13 5 1 5 19 19 10 19 1 1 19 0 0 0 10 19 19 19 19 19 19 5 12 12 13 5 13 2 5 1 13 13 5 12 13 13 13 12 13 13 
Time cost: 1.8794875144958496s

Result: 9155
Status of facilities: 1 1 1 0 0 0 1 0 0 0 1 0 1 0 1 1 1 0 0 0 
The assignment of customers to facilities: 1 6 15 10 16 12 2 16 15 1 2 14 6 6 6 12 12 16 2 15 0 0 10 14 14 14 1 14 15 15 1 1 15 15 15 2 12 6 10 0 0 6 6 6 16 16 2 2 2 15 15 2 0 14 14 10 6 6 6 12 12 2 1 2 15 15 10 14 1 1 15 0 0 0 10 15 15 15 15 14 15 16 16 12 16 12 6 2 16 1 12 12 16 6 6 16 6 6 12 6 
Time cost: 1.8735990524291992s

Result: 8113
Status of facilities: 1 1 0 0 0 1 1 0 0 0 1 0 1 1 1 0 0 0 0 1 
The assignment of customers to facilities: 19 6 19 10 12 13 5 5 19 1 5 14 6 13 6 13 12 5 5 1 0 0 10 14 14 14 5 19 19 1 1 1 19 19 19 5 13 13 10 0 0 13 13 13 12 5 5 5 5 19 19 5 0 14 14 10 6 6 13 12 13 5 1 5 19 19 10 19 19 1 19 0 0 0 10 19 19 19 19 19 19 5 12 12 6 13 6 5 5 1 13 13 12 13 6 12 13 13 13 13 
Time cost: 1.863239049911499s

Result: 8873
Status of facilities: 1 1 1 0 0 1 0 0 0 0 1 0 1 1 1 0 0 1 0 0 
The assignment of customers to facilities: 17 0 17 10 12 13 5 5 17 1 5 14 0 13 13 13 12 5 2 1 0 0 10 14 14 14 2 17 14 17 5 1 17 17 17 5 13 13 10 0 0 13 13 13 5 5 5 5 5 17 17 2 0 14 14 10 13 0 5 12 13 5 1 5 1 1 10 14 1 1 17 0 0 0 10 17 17 17 17 14 17 5 12 12 2 13 0 2 12 1 13 13 13 12 13 12 13 13 13 13 
Time cost: 1.8753974437713623s

Result: 8498
Status of facilities: 1 1 1 0 0 0 0 0 0 0 1 0 1 1 1 1 1 0 0 0 
The assignment of customers to facilities: 1 0 15 10 12 13 2 16 15 1 2 14 0 12 13 13 12 16 2 15 0 0 10 14 14 14 1 14 15 15 1 1 15 15 15 2 13 13 10 0 0 13 13 13 16 16 2 2 2 15 15 2 0 14 14 10 0 0 13 12 13 2 1 2 15 15 10 14 1 1 15 0 0 0 10 15 15 15 15 14 15 16 16 12 16 13 0 2 12 1 13 13 16 13 12 13 13 13 13 13 
Time cost: 1.8879659175872803s

Result: 8369
Status of facilities: 1 1 0 1 0 1 1 0 0 0 0 0 1 1 1 1 1 0 0 0 
The assignment of customers to facilities: 15 6 15 14 12 12 5 16 15 1 5 3 6 13 6 13 12 16 5 15 0 0 0 14 14 14 1 3 15 15 1 1 15 15 15 5 13 13 14 0 0 13 13 13 16 5 5 5 5 15 15 5 0 14 14 0 6 6 12 12 12 5 1 5 15 15 14 3 1 1 15 0 0 0 0 3 3 15 15 3 15 5 16 12 13 13 6 5 16 1 13 13 13 6 6 13 13 13 13 13 
Time cost: 1.8752632141113281s

Result: 8573
Status of facilities: 1 1 1 1 0 1 1 0 0 0 1 0 0 1 1 1 0 0 0 0 
The assignment of customers to facilities: 15 6 15 10 5 13 5 5 15 1 5 3 6 13 6 13 13 5 2 15 0 0 10 14 14 14 1 3 3 15 1 1 15 15 15 5 13 13 10 0 0 13 13 13 5 5 5 5 5 15 15 2 0 14 14 10 6 6 6 13 13 5 1 5 15 15 10 3 1 1 15 0 0 0 10 3 3 15 15 3 15 5 5 13 6 13 6 2 5 1 13 13 13 6 13 13 6 13 13 13 
Time cost: 1.8602783679962158s

Result: 8292
Status of facilities: 1 1 0 1 0 1 1 0 0 0 1 0 1 1 1 1 0 0 0 0 
The assignment of customers to facilities: 15 6 15 10 13 13 5 5 15 1 5 3 6 13 6 13 12 5 5 15 0 0 10 14 14 14 1 3 15 15 1 1 15 15 15 5 13 13 10 0 0 13 6 13 12 5 5 5 5 15 15 5 0 14 14 10 6 6 13 12 12 5 1 5 15 15 10 3 1 1 15 0 0 0 10 3 3 15 15 3 15 5 12 12 6 13 6 5 5 1 13 13 13 12 6 12 13 13 13 13 
Time cost: 1.8566303253173828s

