Begin: 23516

Result: 9449
Status of facilities: 0 1 1 1 0 1 1 1 0 1 0 0 1 0 0 1 0 0 1 0 
The assignment of customers to facilities: 5 5 5 5 5 5 5 5 1 7 7 7 7 7 7 7 7 3 3 12 12 3 12 12 12 9 9 9 9 9 9 9 9 15 18 18 18 18 18 18 18 18 18 18 5 5 7 12 12 15 15 3 7 18 5 15 3 3 1 6 18 2 15 15 3 3 2 5 6 5 18 18 6 3 3 15 3 6 6 2 18 1 3 15 15 3 1 6 15 1 15 2 2 2 15 18 1 6 1 5 
Time cost: 2.0152387619018555s

Result: 9805
Status of facilities: 0 1 0 1 0 1 1 0 0 1 0 0 1 1 0 1 0 1 1 1 
The assignment of customers to facilities: 5 5 5 5 5 5 5 5 19 19 19 19 19 19 19 19 19 12 13 13 12 13 12 13 12 15 9 9 9 9 9 9 9 15 18 18 18 18 18 18 18 18 18 18 5 5 19 12 12 15 15 3 6 18 5 15 3 3 1 6 18 9 15 13 3 13 9 18 6 5 17 18 6 3 3 15 3 6 6 15 18 19 13 15 15 3 1 6 15 3 15 9 17 17 15 17 1 6 1 5 
Time cost: 2.0176193714141846s

Result: 11237
Status of facilities: 0 0 1 1 0 1 1 1 0 1 0 0 1 1 0 1 0 0 0 0 
The assignment of customers to facilities: 5 6 5 5 5 5 5 5 7 7 7 7 7 7 7 7 7 12 13 12 12 13 12 12 3 15 15 9 9 9 9 9 9 15 5 5 9 2 2 2 2 5 9 5 5 5 7 12 12 15 15 3 7 2 6 15 3 3 3 6 5 2 15 13 3 13 2 6 6 6 9 2 6 3 3 15 3 6 6 2 2 7 13 15 15 3 3 6 15 3 15 2 9 2 15 2 3 6 3 5 
Time cost: 1.9833784103393555s

Result: 11756
Status of facilities: 0 1 1 1 0 1 1 1 0 1 0 0 1 1 1 0 0 0 0 0 
The assignment of customers to facilities: 5 5 5 6 5 5 6 5 1 7 7 7 7 7 7 7 7 13 13 13 12 13 13 13 3 2 2 9 9 9 9 9 9 2 5 5 9 14 5 14 14 5 14 5 5 5 7 12 12 2 13 3 7 14 6 2 3 3 1 6 5 2 9 12 3 13 2 5 6 6 9 9 6 3 3 12 3 6 6 2 14 1 13 2 9 3 1 6 12 1 2 2 9 2 2 2 1 6 1 5 
Time cost: 1.9331254959106445s

Result: 9461
Status of facilities: 0 1 1 1 0 1 0 1 0 1 0 0 1 1 0 0 0 0 1 0 
The assignment of customers to facilities: 5 5 5 5 5 5 5 5 1 7 7 7 7 7 7 7 7 12 13 12 12 13 13 12 3 9 9 9 9 9 9 9 2 2 18 18 18 18 18 18 18 18 18 18 5 5 7 12 12 2 13 3 7 18 5 2 3 3 1 7 18 2 9 13 3 13 2 18 7 5 18 18 7 3 3 13 3 7 7 2 18 1 13 2 9 3 1 5 12 3 2 2 9 2 2 18 1 7 1 5 
Time cost: 1.9255855083465576s

Result: 9805
Status of facilities: 0 1 1 1 0 1 1 1 0 1 0 0 1 1 0 1 0 0 1 0 
The assignment of customers to facilities: 5 5 5 5 5 5 5 5 1 7 7 7 7 7 7 7 7 12 13 12 12 13 13 12 12 15 15 9 9 9 9 9 9 9 18 18 18 18 18 18 18 18 18 18 5 5 7 12 12 15 15 3 7 18 5 15 3 3 1 6 18 2 15 13 3 13 2 5 6 5 9 18 6 3 3 15 3 6 6 2 18 1 13 15 15 3 1 6 15 3 15 2 9 2 15 18 1 6 1 5 
Time cost: 1.9192869663238525s

Result: 9625
Status of facilities: 0 1 1 1 0 1 1 1 0 1 0 0 1 1 0 1 0 0 1 0 
The assignment of customers to facilities: 5 5 5 5 5 5 5 5 1 7 7 7 7 7 7 7 7 12 13 13 12 13 12 13 12 9 9 9 9 9 9 9 9 15 18 18 18 18 18 18 18 18 18 18 5 5 7 12 12 15 15 3 7 18 5 15 3 3 1 6 18 2 15 13 3 13 2 5 6 5 18 18 6 3 3 15 3 6 6 2 18 1 13 15 15 3 1 6 15 1 2 2 2 2 15 18 1 6 1 5 
Time cost: 1.9256610870361328s

Result: 9050
Status of facilities: 0 1 0 1 0 1 0 1 0 1 0 0 1 1 0 1 0 0 1 0 
The assignment of customers to facilities: 5 5 5 5 5 5 5 5 1 7 7 7 7 7 7 7 7 12 13 13 12 13 12 13 12 9 15 9 9 9 9 9 9 15 18 18 18 18 18 18 18 18 18 18 5 5 7 12 12 15 15 3 7 18 5 15 3 3 1 7 18 9 15 13 3 13 15 18 7 5 9 18 7 3 3 15 3 7 7 13 18 1 13 15 15 3 1 5 15 3 15 15 9 15 15 18 1 7 1 5 
Time cost: 1.9329586029052734s

Result: 9558
Status of facilities: 0 1 0 1 0 1 1 0 0 1 0 0 1 1 0 1 0 1 1 0 
The assignment of customers to facilities: 5 5 5 5 5 5 5 5 1 1 6 6 1 6 1 6 6 12 13 13 12 13 12 13 12 9 9 9 9 9 9 9 9 15 18 18 18 18 18 18 18 18 18 18 5 5 6 12 12 15 15 3 6 18 5 15 3 3 3 6 18 15 15 13 3 13 15 5 6 5 17 18 6 3 3 15 3 6 6 15 18 1 13 15 15 3 1 6 15 3 15 15 17 17 15 17 3 6 1 5 
Time cost: 1.9286305904388428s

Result: 9751
Status of facilities: 0 1 1 1 0 1 1 0 0 1 0 0 1 0 0 1 0 0 1 1 
The assignment of customers to facilities: 5 5 5 5 5 5 5 5 19 19 19 19 19 19 19 19 19 12 3 12 12 3 3 12 3 15 9 9 9 9 15 9 9 9 18 18 18 18 18 18 18 18 18 18 5 5 19 12 12 15 15 3 6 18 5 15 3 3 1 6 18 2 15 12 3 12 2 18 6 5 9 18 6 3 3 15 3 6 6 2 18 19 3 15 15 3 1 6 15 3 15 2 9 2 2 18 1 6 1 5 
Time cost: 1.9145984649658203s

Result: 9668
Status of facilities: 0 1 0 1 0 1 1 0 0 1 0 0 1 1 0 1 0 0 1 0 
The assignment of customers to facilities: 5 5 5 5 5 5 5 5 1 3 6 6 1 6 1 1 6 12 13 12 12 13 13 12 12 15 15 9 9 9 15 9 9 15 18 18 18 18 18 18 18 18 18 18 5 5 6 12 12 15 15 3 6 18 5 15 3 3 1 6 18 15 15 13 3 13 9 5 6 5 9 18 6 3 3 15 3 6 6 12 18 3 13 15 15 3 1 6 15 3 15 9 9 9 9 18 3 6 1 5 
Time cost: 1.9303417205810547s

Result: 9458
Status of facilities: 0 1 1 1 0 1 0 1 0 1 0 0 1 1 0 1 0 0 1 0 
The assignment of customers to facilities: 5 5 5 5 5 5 5 5 1 7 7 7 7 7 7 7 7 13 13 12 12 13 12 12 12 15 9 9 9 9 9 9 9 15 18 18 18 18 18 18 18 18 18 18 5 5 7 12 12 15 15 3 7 18 5 15 3 3 1 7 18 2 15 13 3 13 9 18 7 5 9 18 7 3 3 15 3 7 7 2 18 1 13 15 15 3 1 5 15 3 2 2 9 2 2 18 1 7 1 5 
Time cost: 1.9154841899871826s

Result: 10593
Status of facilities: 0 0 0 1 0 1 1 0 0 1 0 0 1 1 0 1 0 1 0 1 
The assignment of customers to facilities: 5 5 5 5 5 5 5 5 19 19 19 19 19 19 19 19 19 12 13 12 12 13 12 12 3 9 9 9 9 9 9 15 9 15 17 17 17 17 17 5 17 5 17 5 5 5 19 12 12 15 15 3 6 17 6 15 3 3 3 6 5 15 15 13 3 13 9 6 6 6 17 17 6 3 3 15 3 6 6 15 17 19 13 15 15 3 3 6 15 3 15 15 17 17 15 17 3 6 3 5 
Time cost: 1.9051198959350586s

Result: 9872
Status of facilities: 0 1 1 1 0 1 1 1 0 1 0 0 1 1 0 0 0 0 1 0 
The assignment of customers to facilities: 5 5 5 5 5 5 5 5 1 7 7 7 7 7 7 7 7 12 13 13 12 13 12 12 12 2 9 9 9 9 9 2 9 2 18 18 18 18 18 18 18 18 18 18 5 5 7 12 13 9 13 3 7 18 5 2 3 3 1 6 18 2 9 13 3 13 2 18 6 5 18 18 6 3 3 13 3 6 6 2 18 1 13 2 9 3 1 6 13 3 2 2 9 2 2 18 1 6 1 5 
Time cost: 1.9047260284423828s

Result: 9339
Status of facilities: 0 1 0 1 0 1 1 1 0 1 0 0 1 1 0 1 0 0 1 0 
The assignment of customers to facilities: 5 5 5 5 5 5 5 5 1 7 7 7 7 7 7 7 7 12 13 13 12 13 12 13 12 9 15 9 9 9 9 9 9 15 18 18 18 18 18 18 18 18 18 18 5 5 7 12 12 15 15 3 7 18 5 15 3 3 1 6 18 9 15 13 3 13 9 18 6 5 18 18 6 3 3 15 3 6 6 15 18 1 13 15 15 3 1 6 15 1 15 15 9 15 9 18 1 6 1 5 
Time cost: 1.92274808883667s

Result: 9498
Status of facilities: 0 1 1 1 0 1 0 1 0 1 0 0 1 1 0 1 0 0 1 0 
The assignment of customers to facilities: 5 5 5 5 5 5 5 5 1 7 7 7 7 7 7 7 7 12 13 12 12 13 12 12 3 15 15 9 9 9 9 9 9 9 18 18 18 18 18 18 18 18 18 18 5 5 7 12 12 15 15 3 7 18 5 15 3 3 1 7 18 2 15 13 3 13 9 18 7 5 18 18 7 3 3 15 3 7 7 2 18 1 13 15 15 3 1 5 15 3 15 2 9 2 2 18 1 7 1 5 
Time cost: 1.9099137783050537s

Result: 9760
Status of facilities: 0 1 0 1 0 1 1 1 0 1 0 0 1 1 0 1 0 1 1 0 
The assignment of customers to facilities: 5 5 5 5 5 5 5 5 1 7 7 7 7 7 7 7 7 13 12 12 12 13 13 13 12 9 15 9 9 9 15 9 9 9 18 18 18 18 18 18 18 18 18 18 5 5 7 12 12 15 15 3 7 18 5 15 3 3 1 6 18 15 15 13 3 13 9 5 6 5 17 18 6 3 3 15 3 6 6 15 18 1 13 15 15 3 1 6 15 1 15 15 17 17 15 17 1 6 1 5 
Time cost: 1.9079692363739014s

Result: 9621
Status of facilities: 0 0 1 1 0 1 1 1 0 1 0 0 1 1 0 1 0 0 1 0 
The assignment of customers to facilities: 5 5 5 5 5 5 5 5 7 7 7 7 7 7 7 7 7 13 12 12 12 13 13 13 12 9 15 9 9 9 15 9 9 9 18 18 18 18 18 18 18 18 18 18 5 5 7 12 12 15 15 3 7 18 5 15 3 3 3 6 18 2 15 13 3 13 2 18 6 5 18 18 6 3 3 15 3 6 6 2 18 7 13 15 15 3 3 6 15 3 2 2 9 2 2 18 3 6 3 5 
Time cost: 1.9237802028656006s

Result: 9864
Status of facilities: 0 1 1 1 0 1 1 0 0 1 0 0 1 1 0 1 0 0 1 1 
The assignment of customers to facilities: 5 5 5 5 5 5 5 5 19 19 19 19 19 19 19 19 19 12 13 12 12 13 13 12 12 9 9 9 9 9 9 9 9 15 18 18 18 18 18 18 18 18 18 18 5 5 19 12 12 15 15 3 6 18 5 15 3 3 1 6 18 2 15 13 1 13 2 18 6 5 18 18 6 3 3 15 3 6 6 2 18 19 13 15 15 3 1 6 15 1 15 2 2 2 2 18 1 6 1 5 
Time cost: 1.9472901821136475s

Result: 9233
Status of facilities: 0 1 0 1 0 1 0 1 0 1 0 0 1 1 0 1 0 0 1 0 
The assignment of customers to facilities: 5 5 5 5 5 5 5 5 1 7 7 7 7 7 7 7 7 12 13 12 12 13 13 12 3 15 9 9 9 9 15 9 9 15 18 18 18 18 18 18 18 18 18 18 5 5 7 12 12 9 15 3 7 18 5 15 3 3 1 7 18 9 15 12 3 13 9 18 7 5 18 18 7 3 3 15 3 7 7 15 18 1 13 15 15 3 1 5 15 3 15 15 9 15 9 18 1 7 1 5 
Time cost: 2.0001204013824463s

Result: 10525
Status of facilities: 0 1 0 1 0 1 1 0 0 1 0 0 1 1 0 1 0 1 0 0 
The assignment of customers to facilities: 5 5 5 5 5 5 5 5 1 1 6 6 1 6 1 6 6 12 13 13 12 13 13 12 12 9 9 9 9 9 9 9 9 15 17 17 17 17 17 17 17 17 17 5 5 5 6 12 12 15 15 3 6 17 5 15 3 3 1 6 5 15 15 12 3 13 15 6 6 5 17 17 6 3 3 15 3 6 6 15 17 3 13 15 15 3 1 6 15 3 15 15 17 17 15 17 3 6 3 5 
Time cost: 1.998175859451294s

Result: 9861
Status of facilities: 0 1 1 1 0 1 1 0 0 1 0 0 1 1 0 1 0 0 1 1 
The assignment of customers to facilities: 5 5 5 5 5 5 5 5 19 19 19 19 19 19 19 19 19 12 13 12 12 13 13 12 12 9 9 9 9 9 9 9 9 15 18 18 18 18 18 18 18 18 18 18 5 5 19 12 12 15 15 3 6 18 5 15 3 3 1 6 18 2 15 13 3 13 2 5 6 5 18 18 6 3 3 15 3 6 6 2 18 19 13 15 15 3 1 6 15 1 15 2 2 2 15 18 1 6 1 5 
Time cost: 1.974090814590454s

Result: 9368
Status of facilities: 0 1 0 1 0 1 1 1 0 1 0 0 1 1 0 1 0 0 1 0 
The assignment of customers to facilities: 5 5 5 5 5 5 5 5 1 7 7 7 7 7 7 7 7 12 13 12 12 13 12 12 3 15 9 9 9 9 9 9 9 15 18 18 18 18 18 18 18 18 18 18 5 5 7 12 12 15 15 3 7 18 5 15 3 3 1 6 18 9 15 13 3 13 9 18 6 5 18 18 6 3 3 15 3 6 6 15 18 1 13 15 15 3 1 6 15 3 15 9 9 15 15 18 1 6 1 5 
Time cost: 1.9932737350463867s

Result: 8996
Status of facilities: 0 0 0 1 0 1 0 1 0 1 0 0 1 1 0 1 0 0 1 0 
The assignment of customers to facilities: 5 5 5 7 5 5 5 5 7 7 7 7 7 7 7 7 7 12 13 12 12 13 13 12 12 9 9 9 9 9 15 9 9 15 18 18 18 18 18 18 18 18 18 18 5 5 7 12 12 15 15 3 7 18 5 15 3 3 3 7 18 9 15 13 3 13 15 18 7 5 9 18 7 3 3 15 3 7 5 13 18 7 13 15 15 3 3 5 15 3 15 15 9 15 15 18 3 7 3 5 
Time cost: 2.0094263553619385s

Result: 9428
Status of facilities: 0 1 0 1 0 1 1 1 0 1 0 0 1 1 0 1 0 0 1 0 
The assignment of customers to facilities: 5 5 5 5 5 5 5 5 1 7 7 7 7 7 7 7 7 12 13 12 12 13 13 12 12 15 9 9 9 9 9 9 9 15 18 18 18 18 18 18 18 18 18 18 5 5 7 12 12 9 15 3 7 18 5 15 3 3 1 6 18 15 15 13 3 13 15 18 6 5 18 18 6 3 3 15 3 6 6 15 18 1 13 15 15 3 1 6 15 3 15 15 18 15 15 18 1 6 1 5 
Time cost: 2.0208587646484375s

Result: 9711
Status of facilities: 0 1 1 1 0 1 1 1 0 1 0 0 1 1 0 0 0 0 1 0 
The assignment of customers to facilities: 5 5 5 5 5 5 5 5 1 7 7 7 7 7 7 7 7 12 13 12 12 13 13 12 3 9 9 9 9 9 9 9 9 2 18 18 18 18 18 18 18 18 18 18 5 5 7 12 12 2 13 3 7 18 5 2 3 3 1 6 18 2 12 13 3 13 2 18 6 5 18 18 6 3 3 13 3 6 6 2 18 1 13 2 2 3 1 6 12 3 2 2 2 2 2 18 1 6 1 5 
Time cost: 2.0152933597564697s

Result: 9613
Status of facilities: 0 0 0 1 0 1 1 0 0 1 0 0 1 1 0 1 0 1 1 1 
The assignment of customers to facilities: 5 5 5 5 5 5 5 5 19 19 19 19 19 19 19 19 19 12 13 12 12 13 13 12 12 9 9 9 9 9 15 9 9 15 18 18 18 18 18 18 18 18 18 18 5 5 19 12 12 15 15 3 6 18 5 15 3 3 3 6 18 9 15 13 3 13 9 5 6 5 17 18 6 3 3 15 3 6 6 15 18 19 13 15 15 3 3 6 15 3 15 15 17 17 15 17 3 6 3 5 
Time cost: 1.9996604919433594s

Result: 9507
Status of facilities: 0 1 0 1 0 1 0 0 0 1 0 0 1 1 0 1 0 0 1 1 
The assignment of customers to facilities: 5 5 5 5 5 5 5 5 19 19 19 19 19 19 19 19 19 12 13 12 12 13 12 12 3 15 15 9 9 9 9 9 9 15 18 18 18 18 18 18 18 18 18 18 5 5 19 12 12 9 15 3 19 18 5 15 3 3 1 5 18 9 15 13 3 13 9 18 19 5 18 18 19 3 3 15 3 19 19 15 18 19 13 15 15 3 1 19 15 3 15 15 9 15 9 18 1 19 1 5 
Time cost: 2.0221009254455566s

Result: 9657
Status of facilities: 0 1 0 1 0 1 0 0 0 1 0 0 1 1 0 1 0 1 1 1 
The assignment of customers to facilities: 5 5 5 5 5 5 5 5 19 19 19 19 19 19 19 19 19 12 13 13 12 13 12 13 12 9 9 9 9 9 9 9 15 15 18 18 18 18 18 18 18 18 18 18 5 5 19 12 12 15 15 3 19 18 5 15 3 3 1 5 18 9 15 13 3 13 15 18 19 5 17 18 19 3 3 15 3 19 19 15 18 19 13 15 15 3 1 19 15 1 15 15 17 17 15 17 1 19 1 5 
Time cost: 1.9468204975128174s

Result: 9811
Status of facilities: 0 1 1 1 0 1 1 0 0 1 0 0 1 1 0 1 0 0 1 0 
The assignment of customers to facilities: 5 5 5 5 5 5 5 5 1 3 1 6 1 6 6 6 6 12 13 12 12 13 13 13 12 15 9 9 9 9 9 9 9 15 18 18 18 18 18 18 18 18 18 18 5 5 6 12 12 9 15 3 6 18 5 15 3 3 1 6 18 2 15 13 3 13 2 5 6 5 18 18 6 3 3 15 3 6 6 2 18 1 12 15 15 3 1 6 15 3 15 2 2 2 15 18 3 6 3 5 
Time cost: 1.9213283061981201s

