Begin: 22448

Result: 8885
Status of facilities: 1 0 1 0 0 0 1 0 1 1 1 0 0 1 0 1 0 1 1 0 
The assignment of customers to facilities: 17 18 18 18 17 18 8 2 2 8 8 8 2 8 2 8 2 2 2 6 6 6 2 6 2 2 6 2 6 6 6 6 6 6 6 6 6 6 6 10 10 10 0 10 0 0 0 0 0 0 0 0 10 10 10 10 10 10 10 10 10 9 13 10 9 10 9 10 10 9 13 9 9 13 17 13 9 13 9 9 13 15 15 15 15 15 15 15 15 15 15 18 18 18 18 17 18 18 18 18 
Time cost: 1.993534803390503s

Result: 8300
Status of facilities: 1 0 1 0 0 0 1 1 1 1 0 0 0 1 0 1 0 1 0 0 
The assignment of customers to facilities: 17 17 17 17 17 17 17 8 8 8 2 8 2 8 2 8 2 2 2 6 6 2 2 6 2 6 6 6 6 6 6 6 6 6 6 6 6 6 6 7 7 7 0 7 0 0 0 0 0 0 0 0 7 7 7 7 7 7 7 7 7 9 13 7 13 7 9 7 7 9 9 7 9 13 17 13 9 13 9 9 13 15 15 15 15 15 15 15 15 15 15 17 17 17 17 17 17 17 17 17 
Time cost: 1.9312729835510254s

Result: 10395
Status of facilities: 1 0 1 0 1 1 1 0 1 1 1 0 0 1 1 1 0 0 0 0 
The assignment of customers to facilities: 4 4 4 4 4 4 4 4 8 8 8 8 2 8 8 2 2 2 8 6 6 6 2 6 6 6 6 6 6 6 6 14 14 6 6 6 6 6 6 10 10 10 0 10 0 0 0 0 0 0 0 0 10 10 10 10 10 10 10 10 10 9 13 10 9 10 9 10 10 9 13 9 9 13 4 13 9 13 9 9 13 13 15 15 15 15 15 5 5 5 5 15 15 15 15 15 15 5 15 15 
Time cost: 1.9271862506866455s

Result: 9470
Status of facilities: 1 0 1 0 1 0 1 1 1 1 0 0 0 1 0 1 0 0 0 0 
The assignment of customers to facilities: 4 4 4 4 4 4 4 4 4 8 8 8 2 8 2 8 2 2 8 6 2 2 2 6 6 6 6 2 6 6 6 6 6 6 6 6 6 6 6 7 7 7 0 7 0 0 0 0 0 0 0 0 7 7 7 7 7 7 7 7 7 9 13 7 9 7 7 7 7 9 9 7 9 13 4 13 9 13 9 9 13 15 15 13 15 15 15 15 15 15 15 15 15 15 13 15 13 15 8 2 
Time cost: 1.9344677925109863s

Result: 9148
Status of facilities: 1 0 1 0 0 0 1 0 1 1 1 0 1 1 0 1 0 1 1 0 
The assignment of customers to facilities: 17 17 17 18 18 18 8 8 8 8 8 8 2 8 2 2 2 2 8 6 12 12 12 6 6 12 12 12 6 6 6 6 6 6 6 6 6 6 6 10 10 10 0 10 0 0 0 0 0 0 0 0 10 10 10 10 10 10 10 10 10 9 13 10 9 10 9 10 10 9 13 9 9 13 18 13 9 13 9 9 13 15 15 15 15 15 15 15 15 15 15 18 18 18 18 17 18 18 18 18 
Time cost: 1.9203379154205322s

Result: 10418
Status of facilities: 1 0 1 0 1 1 1 0 1 1 1 1 0 1 0 1 0 0 0 0 
The assignment of customers to facilities: 4 4 4 4 4 4 4 4 8 8 8 8 2 8 2 8 2 2 8 6 6 6 2 6 2 2 6 2 6 6 6 6 6 6 6 6 6 6 6 10 10 10 0 10 0 0 0 0 0 0 0 0 10 10 10 10 10 10 10 10 11 11 11 11 11 11 11 10 11 9 9 11 9 11 4 13 9 13 9 9 13 15 15 15 15 15 15 15 5 5 5 15 5 15 15 15 5 15 15 15 
Time cost: 1.899317979812622s

Result: 8905
Status of facilities: 1 0 1 0 0 0 1 0 1 1 1 0 0 1 1 1 0 1 0 0 
The assignment of customers to facilities: 17 17 17 17 17 8 17 2 2 2 8 8 2 8 2 8 2 2 8 6 6 6 2 6 6 6 6 6 6 6 6 14 14 6 6 6 6 6 6 10 10 10 0 10 0 0 0 0 0 0 0 0 10 10 10 10 10 10 10 10 10 9 13 10 13 10 10 10 10 13 13 9 9 9 17 13 9 13 9 9 13 15 15 15 15 15 15 15 15 15 15 17 17 17 17 17 17 17 17 17 
Time cost: 1.9017150402069092s

Result: 9878
Status of facilities: 1 0 1 0 1 1 1 1 1 1 0 0 0 1 0 1 0 0 0 0 
The assignment of customers to facilities: 4 4 4 4 4 4 4 4 8 4 8 2 2 8 2 8 2 2 8 6 2 6 2 6 6 2 6 6 6 6 6 0 6 6 6 6 6 6 6 7 7 7 0 7 0 0 0 0 0 0 0 0 7 7 7 7 7 7 7 7 7 9 13 7 9 7 9 7 7 9 13 9 9 13 4 13 9 13 9 9 13 13 15 15 15 15 15 15 5 15 5 15 15 15 15 15 5 15 8 8 
Time cost: 1.9047534465789795s

Result: 8458
Status of facilities: 1 0 1 0 0 0 1 0 1 1 1 0 0 1 0 1 0 0 1 0 
The assignment of customers to facilities: 18 18 18 18 18 18 8 2 8 2 8 8 2 8 2 8 2 2 2 6 2 2 2 6 6 2 6 2 6 6 6 6 6 6 6 6 6 6 6 10 10 10 0 10 0 0 0 0 0 0 0 0 10 10 10 10 10 10 10 10 10 9 13 10 9 10 9 10 10 9 13 9 9 13 18 13 9 13 9 9 13 15 15 15 15 15 15 15 15 15 15 18 18 18 18 18 18 18 18 18 
Time cost: 1.9057435989379883s

Result: 9013
Status of facilities: 1 0 1 0 0 1 1 0 1 1 1 0 0 1 0 0 0 1 1 0 
The assignment of customers to facilities: 17 17 17 17 18 17 8 2 8 2 2 8 2 8 2 8 2 2 8 6 2 6 2 6 2 2 6 6 6 6 6 6 6 6 6 6 6 6 6 10 10 10 0 10 0 0 0 0 0 0 0 0 10 10 10 10 10 10 10 10 10 9 13 10 9 10 9 10 10 9 13 9 9 13 17 13 9 13 9 9 13 13 13 13 5 13 5 5 5 5 5 18 18 18 18 18 18 18 18 18 
Time cost: 1.898475170135498s

Result: 8326
Status of facilities: 1 0 1 0 0 0 1 1 1 1 0 0 0 1 0 1 0 1 0 0 
The assignment of customers to facilities: 17 17 17 17 17 17 8 8 8 8 8 8 2 8 2 2 2 2 8 6 6 6 2 6 2 6 6 2 6 6 6 6 6 6 6 6 6 6 6 7 7 7 0 7 0 0 0 0 0 0 0 0 7 7 7 7 7 7 7 7 7 7 13 7 9 7 9 7 7 13 13 9 9 9 17 13 9 13 9 9 13 15 15 15 15 15 15 15 15 15 15 17 17 17 17 17 17 17 17 17 
Time cost: 1.8909902572631836s

Result: 8896
Status of facilities: 1 0 1 0 0 0 1 0 0 1 1 0 0 1 0 1 0 1 1 0 
The assignment of customers to facilities: 17 18 17 17 17 18 17 2 2 2 2 2 2 2 2 2 2 2 2 6 6 6 2 6 6 2 6 2 6 6 6 6 0 6 6 6 6 6 6 10 10 10 0 10 0 0 0 0 0 0 0 0 10 10 10 10 10 10 10 10 10 9 13 10 9 10 9 10 10 9 13 9 9 13 18 13 9 13 9 9 13 15 15 15 15 15 15 15 15 15 15 18 18 18 18 18 18 17 18 18 
Time cost: 1.8802847862243652s

Result: 8260
Status of facilities: 0 0 1 0 0 0 1 1 1 1 0 0 0 1 1 1 0 0 1 0 
The assignment of customers to facilities: 18 18 18 18 18 18 18 2 8 8 8 8 2 8 8 2 2 2 8 6 6 6 2 6 6 6 6 6 6 6 6 14 14 6 6 6 6 6 6 7 7 7 7 7 7 7 7 7 6 7 7 14 7 7 7 7 7 7 7 7 7 9 13 7 9 7 9 7 7 9 13 9 9 13 18 13 9 13 9 9 13 15 15 15 15 15 15 15 15 15 15 18 18 18 18 18 18 18 18 18 
Time cost: 1.8791477680206299s

Result: 8435
Status of facilities: 1 0 1 0 0 0 1 1 1 1 0 0 1 1 0 1 0 0 1 0 
The assignment of customers to facilities: 18 18 18 18 18 8 18 8 8 8 8 8 2 8 2 2 2 2 8 12 6 6 12 6 12 12 12 12 6 6 6 6 6 6 6 6 6 6 6 7 7 7 0 7 0 0 0 0 0 0 0 0 7 7 7 7 7 7 7 7 7 7 13 7 9 7 9 7 7 9 9 9 9 13 18 13 9 13 9 9 13 15 15 15 15 15 15 15 15 15 15 18 18 18 18 18 18 18 18 18 
Time cost: 1.8820064067840576s

Result: 9307
Status of facilities: 1 0 1 0 1 0 1 0 1 1 1 0 0 1 1 1 0 1 0 0 
The assignment of customers to facilities: 17 17 4 17 4 4 4 4 8 8 8 8 2 8 2 8 2 2 8 6 6 6 2 6 6 2 6 6 6 6 6 14 14 6 6 6 6 6 6 10 10 10 0 10 0 0 0 0 0 0 0 0 10 10 10 10 10 10 10 10 10 9 13 10 9 10 9 10 10 9 13 9 9 13 17 13 9 13 9 9 13 15 15 15 15 15 15 15 15 15 15 17 17 17 17 17 17 17 17 17 
Time cost: 1.8856706619262695s

Result: 9017
Status of facilities: 1 0 1 0 0 1 1 0 1 1 1 0 0 1 1 0 0 0 1 0 
The assignment of customers to facilities: 18 18 18 18 18 8 8 8 8 8 8 2 2 8 2 2 2 2 8 6 6 6 2 6 6 2 6 6 6 6 6 14 14 6 6 6 6 6 6 10 10 10 0 0 0 0 0 0 0 0 0 0 10 10 10 10 10 10 10 10 10 10 13 10 9 10 9 10 10 13 9 9 13 9 18 13 9 13 9 13 13 13 13 13 5 13 5 5 5 5 5 18 18 18 18 18 18 18 18 18 
Time cost: 1.9050958156585693s

Result: 8616
Status of facilities: 1 0 1 0 0 0 1 1 1 1 0 0 0 1 1 1 0 1 0 0 
The assignment of customers to facilities: 17 17 17 17 17 17 17 8 8 8 8 2 2 8 2 8 2 2 8 6 6 6 2 6 6 2 6 6 6 6 6 14 14 6 6 6 6 6 6 7 7 7 0 7 0 0 0 0 0 0 0 0 7 7 7 7 7 7 7 7 7 9 13 7 9 7 9 7 7 9 13 9 9 13 17 13 9 13 9 9 13 15 15 15 15 15 15 15 15 15 15 17 17 17 17 17 17 17 17 17 
Time cost: 1.9015049934387207s

Result: 9008
Status of facilities: 1 0 1 0 1 0 1 1 1 1 0 0 0 1 1 1 0 1 0 0 
The assignment of customers to facilities: 17 17 4 17 4 4 4 4 8 8 8 8 2 8 2 8 2 2 8 6 6 6 2 6 6 2 6 6 6 6 6 14 14 6 6 6 6 6 6 7 7 7 0 7 0 0 0 0 0 0 0 0 7 7 7 7 7 7 7 7 7 7 13 7 9 7 9 7 7 9 9 9 9 13 17 13 9 13 9 9 13 15 15 15 15 15 15 15 15 15 15 17 17 17 17 17 17 17 17 17 
Time cost: 1.88742995262146s

Result: 8749
Status of facilities: 1 0 1 0 1 1 1 1 1 1 0 0 0 1 0 0 0 0 1 0 
The assignment of customers to facilities: 18 18 4 18 4 4 4 4 8 8 8 8 2 8 8 2 2 2 8 6 2 6 2 6 2 6 6 6 6 6 6 6 6 6 6 6 6 6 6 7 7 7 0 7 0 0 0 0 0 0 0 0 7 7 7 7 7 7 7 7 7 7 13 7 9 7 9 7 7 9 9 9 9 13 18 13 9 13 9 9 13 13 13 13 5 13 5 5 5 5 5 18 18 18 18 18 18 18 18 18 
Time cost: 1.8967113494873047s

Result: 8895
Status of facilities: 1 0 1 0 0 0 1 0 1 1 1 0 0 1 0 1 0 1 1 0 
The assignment of customers to facilities: 17 17 17 17 18 17 8 8 8 8 8 8 2 8 2 2 2 2 8 6 2 6 2 6 6 2 6 2 6 2 6 6 6 6 6 6 6 6 6 10 10 10 0 10 0 0 0 0 0 0 0 0 10 10 10 10 10 10 10 10 10 9 13 10 9 10 9 10 10 9 13 9 9 13 18 13 9 13 9 9 13 15 15 15 15 15 15 15 15 15 15 18 18 18 18 18 18 18 18 18 
Time cost: 1.9125053882598877s

Result: 8803
Status of facilities: 0 0 1 0 1 0 1 1 1 1 0 0 0 1 1 1 0 1 0 0 
The assignment of customers to facilities: 17 17 4 17 4 4 4 4 8 8 8 8 2 8 2 8 2 2 8 6 6 6 2 6 6 2 6 6 6 6 6 14 14 6 6 6 6 6 6 7 7 7 7 7 7 7 7 7 14 7 7 6 7 7 7 7 7 7 7 7 7 7 13 7 9 7 9 7 7 9 13 9 9 13 17 13 9 13 9 9 13 15 15 15 15 15 15 15 15 15 15 17 17 17 17 17 17 17 17 17 
Time cost: 1.9069764614105225s

Result: 9100
Status of facilities: 1 0 1 0 0 1 1 0 1 1 1 1 0 1 0 0 0 1 0 0 
The assignment of customers to facilities: 17 17 17 17 17 8 17 8 8 8 8 8 2 8 2 2 2 2 8 2 2 6 2 6 6 2 6 2 6 6 6 6 6 6 6 6 6 6 6 10 10 10 0 10 0 0 0 0 0 0 0 0 10 10 10 10 10 10 10 10 11 11 11 11 11 11 11 10 11 9 9 11 9 11 17 13 9 13 9 9 13 13 13 13 5 13 5 5 5 5 5 17 17 17 17 17 17 17 17 17 
Time cost: 1.9069006443023682s

Result: 8948
Status of facilities: 1 0 1 0 0 0 1 1 1 1 0 1 0 1 0 1 0 1 1 0 
The assignment of customers to facilities: 17 17 17 17 17 17 8 8 8 8 8 8 2 8 2 2 2 2 8 6 6 6 2 6 2 2 6 2 6 6 6 6 6 6 6 6 6 6 6 7 7 7 0 7 0 0 0 0 0 0 0 0 7 7 7 7 7 7 7 7 11 11 11 11 11 11 11 7 11 9 9 11 9 11 17 13 9 13 9 9 13 15 15 15 15 15 15 15 15 15 15 18 18 18 18 17 18 17 18 18 
Time cost: 1.8902952671051025s

Result: 8572
Status of facilities: 1 0 1 0 0 0 1 1 1 1 0 0 1 1 0 1 0 1 0 0 
The assignment of customers to facilities: 17 17 17 17 17 8 17 8 8 8 8 8 2 8 2 2 2 2 8 12 6 12 2 12 12 12 12 6 6 6 6 6 6 6 6 6 6 6 6 7 7 7 0 7 0 0 0 0 0 0 0 0 7 7 7 7 7 7 7 7 7 9 13 7 9 7 13 7 7 9 13 9 9 13 17 13 9 13 9 9 13 15 15 15 15 15 15 15 15 15 15 17 17 17 17 17 17 17 17 17 
Time cost: 1.925330638885498s

Result: 8979
Status of facilities: 1 0 1 0 1 0 1 1 1 1 0 0 1 1 0 1 0 1 0 0 
The assignment of customers to facilities: 17 17 4 17 4 4 4 4 8 8 8 8 2 8 2 8 2 2 8 12 6 6 12 6 12 12 12 12 6 6 6 6 6 6 6 6 6 6 6 7 7 7 0 7 0 0 0 0 0 0 0 0 7 7 7 7 7 7 7 7 7 7 13 7 13 7 9 7 7 9 9 9 9 13 17 13 9 13 9 9 13 15 15 15 15 15 15 15 15 15 15 17 17 17 17 17 17 17 17 17 
Time cost: 1.8988673686981201s

Result: 8614
Status of facilities: 1 0 1 0 0 0 1 1 1 1 0 0 0 1 1 1 0 1 0 0 
The assignment of customers to facilities: 17 17 17 17 17 8 8 2 8 8 8 8 2 8 2 2 2 2 8 6 6 6 2 6 6 2 6 6 6 6 6 14 14 6 6 6 6 6 6 7 7 7 0 7 0 0 0 0 0 0 0 0 7 7 7 7 7 7 7 7 7 9 13 7 9 7 9 7 7 9 13 9 9 13 17 13 9 13 9 9 13 15 15 15 15 15 15 15 15 15 15 17 17 17 17 17 17 17 17 17 
Time cost: 1.8866407871246338s

Result: 9321
Status of facilities: 1 0 1 0 0 1 1 0 1 1 1 0 0 1 1 0 0 1 1 0 
The assignment of customers to facilities: 17 18 17 17 18 8 17 8 8 8 8 8 2 8 2 2 2 2 8 6 6 6 2 6 6 2 6 6 6 6 6 14 14 6 6 6 6 6 6 10 10 10 0 10 0 0 0 0 0 0 0 0 10 10 10 10 10 10 10 10 10 9 13 10 9 10 13 10 10 9 13 9 9 13 18 13 9 13 9 9 13 13 13 13 5 13 5 5 5 5 5 18 18 18 18 18 18 18 18 18 
Time cost: 1.90330171585083s

Result: 9370
Status of facilities: 1 0 1 0 1 1 1 0 1 1 1 1 0 1 0 0 0 0 1 0 
The assignment of customers to facilities: 18 18 4 18 4 4 4 4 8 8 8 8 2 8 2 8 2 2 8 2 2 2 2 6 6 2 6 6 6 6 6 6 6 6 6 6 6 6 6 10 10 10 0 10 0 0 0 0 0 0 0 0 10 10 10 10 10 10 10 10 11 11 11 11 11 11 11 10 11 9 13 11 9 11 18 13 9 13 9 9 13 13 13 13 5 13 5 5 5 5 5 18 18 18 18 18 18 18 18 18 
Time cost: 1.8780531883239746s

Result: 8619
Status of facilities: 1 0 1 0 0 0 1 1 1 1 0 0 0 1 1 1 0 1 0 0 
The assignment of customers to facilities: 17 17 17 17 17 8 17 8 8 8 8 8 2 8 2 2 2 2 8 6 6 6 2 6 6 2 6 6 6 6 6 14 14 6 6 6 6 6 6 7 7 7 0 7 0 0 0 0 0 0 0 0 7 7 7 7 7 7 7 7 7 9 9 7 13 7 7 7 7 13 13 9 9 13 17 13 9 13 9 9 13 15 15 15 15 15 15 15 15 15 15 17 17 17 17 17 17 17 17 17 
Time cost: 1.8764915466308594s

Result: 10216
Status of facilities: 1 0 1 0 1 1 1 0 1 1 1 0 0 1 1 0 0 0 0 0 
The assignment of customers to facilities: 4 4 4 4 4 4 4 4 4 4 2 8 2 8 2 8 2 2 8 14 6 6 2 6 6 2 6 6 6 6 6 14 14 6 6 6 6 6 6 10 10 10 0 10 0 0 0 0 0 0 0 0 10 10 10 10 10 10 10 10 10 9 13 10 9 10 9 10 10 13 9 9 9 13 4 13 9 13 9 9 13 13 13 13 5 13 5 5 5 5 5 5 5 5 5 5 4 5 8 8 
Time cost: 1.9190001487731934s

