Begin: 80436

Result: 22885
Status of facilities: 1 0 1 1 1 1 1 1 1 1 1 1 1 1 1 1 1 1 1 1 0 0 0 0 0 1 1 1 1 0 
The assignment of customers to facilities: 18 19 2 27 2 12 15 28 18 28 4 28 13 13 28 18 3 10 27 0 18 16 5 0 10 18 27 19 4 2 19 19 4 16 27 6 8 8 16 16 18 9 6 4 8 19 13 2 19 14 0 16 2 16 8 6 11 9 18 7 4 0 7 8 13 11 5 14 28 25 18 12 19 9 5 13 10 5 8 16 10 0 9 25 4 13 6 5 27 7 28 6 25 25 0 3 11 6 0 28 28 15 25 18 4 0 4 27 27 3 19 4 27 12 12 8 28 7 17 8 26 11 17 19 26 16 2 11 26 17 28 16 25 10 5 9 3 3 28 10 12 27 11 11 25 5 16 15 27 25 0 17 10 0 8 11 2 15 3 13 13 27 10 2 5 27 5 4 3 15 5 8 19 14 26 2 0 10 4 10 5 15 2 19 12 8 28 10 0 16 2 16 6 4 7 12 7 15 10 19 
Time cost: 4.273187160491943s

Result: 22731
Status of facilities: 1 0 0 1 1 1 1 1 1 1 1 1 1 1 0 1 1 1 1 1 1 1 1 1 1 1 0 0 1 0 
The assignment of customers to facilities: 18 19 21 22 21 12 15 28 22 28 4 28 13 13 28 18 3 20 22 0 18 16 5 24 10 18 24 19 4 21 19 19 4 16 28 6 20 8 24 16 18 9 6 4 8 19 13 21 19 20 24 16 24 16 8 6 11 9 18 7 4 0 7 8 13 11 5 17 28 25 18 12 19 9 23 23 20 23 8 16 10 0 9 25 4 13 6 5 24 7 28 6 25 25 0 3 11 6 0 28 28 15 25 18 4 0 4 24 22 3 19 4 18 12 12 8 28 7 17 8 9 11 17 19 9 16 21 11 19 17 28 24 25 20 23 9 3 3 28 10 12 22 11 11 25 5 24 15 18 25 24 17 23 0 8 11 5 15 3 13 13 0 10 24 5 28 5 4 3 21 5 20 19 10 4 21 0 10 4 10 5 21 21 19 12 8 28 23 0 21 21 21 6 4 7 12 7 21 10 19 
Time cost: 4.374958753585815s

Result: 22505
Status of facilities: 1 1 1 0 1 1 1 1 1 1 1 1 1 1 0 0 1 1 0 1 0 1 1 0 1 0 1 1 1 1 
The assignment of customers to facilities: 7 19 21 27 2 12 21 27 22 28 4 28 13 1 28 7 1 10 22 0 27 16 5 24 10 27 27 19 29 2 19 19 4 16 27 6 8 8 24 16 7 9 6 4 8 19 13 21 19 10 24 16 24 16 8 6 11 9 22 7 29 0 7 8 13 11 5 17 28 12 7 12 19 9 5 13 10 5 8 16 10 0 9 7 29 13 6 5 27 7 28 6 11 11 2 13 11 6 0 28 28 21 12 7 4 0 4 24 22 13 19 4 27 12 12 8 28 7 17 8 26 11 17 19 26 16 2 11 26 17 28 24 11 10 1 9 1 13 28 10 12 22 11 11 11 5 24 21 27 11 24 17 5 0 8 11 2 16 13 13 13 27 10 24 5 27 5 4 1 21 1 8 19 17 26 2 0 10 29 10 5 21 2 19 12 8 28 10 0 21 2 21 6 4 7 12 7 21 10 19 
Time cost: 4.4005186557769775s

Result: 22766
Status of facilities: 1 0 1 1 1 1 1 1 1 0 1 1 1 1 0 1 1 0 0 0 1 1 1 1 1 1 1 1 1 1 
The assignment of customers to facilities: 7 6 21 27 2 12 15 27 22 28 4 28 13 13 28 7 3 20 22 0 27 16 5 24 10 27 27 28 29 2 6 26 4 16 27 6 20 8 24 16 7 8 6 4 8 26 13 21 6 20 24 16 24 16 8 6 11 8 22 25 29 0 7 8 13 11 5 28 28 25 7 12 6 8 23 23 20 23 8 16 10 0 26 25 29 13 6 5 27 7 28 6 25 25 2 3 11 6 0 28 28 15 25 7 4 0 4 24 22 3 26 4 27 12 12 8 28 7 0 8 26 11 28 6 26 16 2 11 26 0 28 24 25 20 23 8 3 3 28 10 12 22 11 11 25 5 24 15 27 25 24 0 23 0 8 11 2 15 3 13 13 27 10 24 5 27 5 4 3 21 5 20 28 10 26 2 0 10 29 10 5 21 2 6 12 8 11 23 0 21 2 21 6 4 7 12 7 15 10 6 
Time cost: 4.3924195766448975s

Result: 22678
Status of facilities: 1 0 1 1 1 1 1 1 1 1 1 1 1 1 1 1 1 0 1 0 1 0 0 0 1 1 0 1 1 1 
The assignment of customers to facilities: 18 6 2 27 2 12 15 27 18 28 4 28 13 13 28 18 3 20 27 0 18 16 5 24 10 18 27 14 29 2 6 4 4 16 27 6 20 8 24 16 18 9 6 4 8 6 13 2 14 14 24 16 24 16 8 6 11 9 18 25 29 0 7 8 13 11 5 14 28 25 18 12 6 9 5 13 20 5 8 16 10 0 9 25 29 13 6 5 27 7 28 6 25 25 2 3 11 6 0 28 28 15 25 18 4 0 4 24 27 3 14 4 27 12 12 8 28 7 14 8 9 11 28 6 9 16 2 11 4 0 28 24 25 20 5 9 3 3 28 10 12 27 11 11 25 5 24 15 27 25 24 0 10 0 8 11 2 15 3 13 13 27 10 24 5 27 5 4 3 15 5 20 28 14 4 2 0 10 29 10 5 15 2 6 12 8 28 10 0 24 2 16 6 4 7 12 7 15 10 6 
Time cost: 4.476269721984863s

Result: 22427
Status of facilities: 1 0 1 1 1 1 1 1 1 0 1 1 1 1 1 1 0 0 1 1 0 1 1 1 1 0 0 1 1 1 
The assignment of customers to facilities: 18 19 21 27 2 12 15 27 22 28 4 28 13 13 28 18 3 10 22 0 18 21 5 24 10 18 27 19 29 2 19 19 4 21 27 6 14 8 24 15 18 8 6 4 8 19 13 21 19 14 24 24 24 21 8 6 11 8 18 7 29 0 7 8 13 11 5 14 28 12 18 12 19 8 23 23 10 23 8 24 10 0 8 7 29 13 6 5 27 7 28 6 7 11 2 3 11 6 0 28 28 15 12 18 4 0 4 24 22 3 19 4 27 12 12 8 28 7 14 8 14 11 28 19 4 21 2 11 19 0 28 24 11 10 23 8 3 3 28 10 12 22 11 11 11 5 24 15 27 7 24 0 23 0 8 11 2 15 3 13 13 27 10 24 5 27 5 4 3 21 5 8 19 14 4 2 0 10 29 10 5 21 2 19 12 8 28 23 0 21 2 21 6 4 7 12 7 15 10 19 
Time cost: 4.345704078674316s

Result: 22894
Status of facilities: 1 0 1 1 1 1 1 1 1 1 1 1 1 1 1 1 1 1 1 0 0 0 1 0 1 1 0 1 0 1 
The assignment of customers to facilities: 18 6 2 27 2 12 15 27 22 17 4 17 13 13 6 18 3 10 22 0 18 16 5 24 10 18 27 14 29 2 6 4 4 16 27 6 8 8 24 16 18 9 6 4 8 4 13 2 14 14 24 16 24 16 8 6 11 9 18 25 29 0 7 8 13 11 5 14 6 25 18 12 6 9 5 13 10 5 8 16 10 0 9 25 29 13 6 5 27 7 17 6 25 25 2 3 11 6 0 17 17 15 25 18 4 0 4 24 22 3 14 4 27 12 12 8 11 7 17 8 9 11 17 6 9 16 2 11 14 17 11 24 25 10 5 9 3 3 17 10 12 22 11 11 25 5 24 15 27 25 24 17 10 0 8 11 2 15 3 13 13 27 10 24 5 27 5 4 3 15 5 8 14 14 4 2 0 10 29 10 5 15 2 6 12 8 11 10 0 24 2 2 6 4 7 12 7 15 10 6 
Time cost: 4.221635818481445s

Result: 22497
Status of facilities: 1 0 1 1 1 1 1 1 1 1 0 1 1 1 1 0 1 0 1 1 1 1 1 1 1 1 0 1 1 1 
The assignment of customers to facilities: 18 19 21 27 2 12 21 27 22 28 4 28 13 13 28 18 3 20 22 0 18 16 5 24 23 18 27 19 29 2 19 19 4 16 27 6 20 8 24 16 18 9 6 4 8 19 13 21 19 14 24 16 24 16 8 6 11 9 18 25 29 0 7 8 13 11 5 14 28 25 18 12 19 9 23 23 20 23 8 16 23 0 9 25 29 13 6 5 27 7 28 6 25 25 2 3 11 6 0 28 28 21 25 18 4 0 4 24 22 3 19 4 27 12 12 8 28 7 14 8 9 11 28 19 9 16 2 11 19 0 28 24 25 20 23 9 3 3 28 14 12 22 11 11 25 5 24 21 27 25 24 0 23 0 8 11 2 16 3 13 13 27 23 24 5 27 5 4 3 21 5 20 19 14 4 2 0 20 29 20 5 21 2 19 12 8 28 23 0 21 2 21 6 4 7 12 7 21 23 19 
Time cost: 4.164740085601807s

Result: 22884
Status of facilities: 1 0 1 1 1 1 1 1 1 1 1 1 1 1 1 1 1 1 1 1 0 1 1 1 1 1 0 1 0 0 
The assignment of customers to facilities: 18 19 21 27 2 12 15 27 22 17 4 17 13 13 19 18 3 10 22 0 18 16 5 24 10 18 27 14 4 2 19 19 4 16 27 6 8 8 24 16 18 9 6 4 8 19 13 21 19 14 24 16 24 16 8 6 11 9 18 7 4 0 7 8 13 11 5 14 19 25 18 12 19 9 23 23 10 23 8 16 10 0 9 25 4 13 6 5 27 7 17 6 25 25 2 3 11 6 0 17 17 15 25 18 4 0 4 24 22 3 19 4 27 12 12 8 11 7 17 8 9 11 17 19 9 16 2 11 19 17 11 24 25 10 23 9 3 3 17 10 12 22 11 11 25 5 24 15 27 25 24 17 23 0 8 11 2 15 3 13 13 27 10 24 5 27 5 4 3 21 5 8 19 14 4 2 0 10 4 10 5 21 2 19 12 8 11 23 0 21 2 21 6 4 7 12 7 15 10 19 
Time cost: 4.213402509689331s

Result: 22557
Status of facilities: 1 0 1 1 1 1 1 1 1 0 1 1 1 1 0 1 1 1 1 1 0 1 0 0 1 0 1 1 1 1 
The assignment of customers to facilities: 18 19 21 27 2 12 15 27 18 28 4 28 13 13 28 18 3 10 27 0 18 16 5 24 10 18 27 19 29 2 19 19 4 16 27 6 8 8 24 16 18 8 6 4 8 19 13 21 19 17 24 16 24 16 8 6 11 8 18 7 29 0 7 8 13 11 5 17 28 12 18 12 6 8 5 13 10 5 8 16 10 0 26 7 29 13 6 5 27 7 28 6 7 11 2 3 11 6 0 28 28 15 12 18 4 0 4 24 27 3 19 4 27 12 12 8 28 7 17 8 26 11 17 19 26 16 2 11 26 17 28 24 11 10 5 8 3 3 28 10 12 27 11 11 11 5 24 15 27 7 24 17 5 0 13 11 2 15 3 13 13 27 10 24 5 27 5 4 3 21 5 8 19 10 26 2 0 10 29 10 5 21 2 19 12 8 28 10 0 21 2 21 6 4 7 12 7 21 10 19 
Time cost: 4.2184202671051025s

Result: 22420
Status of facilities: 1 0 1 1 1 1 1 1 1 1 1 1 1 1 1 0 1 1 1 1 0 1 1 0 1 1 0 0 1 0 
The assignment of customers to facilities: 18 19 21 22 2 12 21 28 22 28 4 28 13 13 28 18 3 10 22 0 18 16 5 24 10 18 24 19 4 2 19 19 4 16 28 6 8 8 24 16 18 9 6 4 8 19 13 21 19 14 24 16 24 16 8 6 11 9 18 7 4 0 7 8 13 11 5 14 28 25 18 12 19 9 5 13 10 5 8 16 10 0 9 25 4 13 6 5 24 7 28 6 25 25 2 3 11 6 0 28 28 21 25 18 4 0 4 24 22 3 19 4 18 12 12 8 28 7 17 8 9 11 17 19 9 16 2 11 19 17 28 24 25 10 5 9 3 3 28 10 12 22 11 11 25 5 24 21 18 25 24 17 10 0 8 11 2 16 3 13 13 0 10 24 5 28 5 4 3 21 5 8 19 14 4 2 0 10 4 10 5 21 2 19 12 8 28 10 0 21 2 21 6 4 7 12 7 21 10 19 
Time cost: 4.223581552505493s

Result: 22450
Status of facilities: 1 1 1 0 1 1 1 1 1 1 1 1 1 1 0 0 1 1 1 1 1 1 0 0 1 1 0 1 1 0 
The assignment of customers to facilities: 18 19 21 27 2 12 21 27 18 28 4 28 13 1 28 18 1 20 27 0 18 16 5 24 10 18 27 19 4 2 19 19 4 16 27 6 20 8 24 16 18 9 6 4 8 19 13 21 19 20 24 16 24 16 8 6 11 9 18 25 4 0 7 8 13 11 5 17 28 25 18 12 19 9 5 13 20 5 8 16 10 0 9 25 4 13 6 5 27 7 28 6 25 25 2 13 11 6 0 28 28 21 25 18 4 0 4 24 27 13 19 4 27 12 12 8 28 7 17 8 9 11 17 19 9 16 2 11 19 17 28 24 25 20 1 9 1 13 28 10 12 27 11 11 25 5 24 21 27 25 24 17 10 0 8 11 2 16 13 13 13 27 10 24 5 27 5 4 1 21 1 20 19 10 4 2 0 10 4 10 5 21 2 19 12 8 28 10 0 21 2 21 6 4 7 12 7 21 10 19 
Time cost: 4.1857218742370605s

Result: 22427
Status of facilities: 1 0 1 1 1 1 1 1 1 1 1 1 1 0 0 1 1 1 1 1 1 0 1 1 1 1 0 0 1 0 
The assignment of customers to facilities: 18 19 2 22 2 12 15 28 22 28 4 28 10 3 28 18 3 20 22 0 18 16 5 24 10 18 24 19 4 2 19 19 4 16 28 6 20 8 24 16 18 9 6 4 8 19 3 2 19 20 24 16 24 16 8 6 11 9 18 7 4 0 7 8 3 11 5 17 28 25 18 12 19 9 23 23 20 23 8 16 10 0 9 25 4 10 6 5 24 7 28 6 25 25 2 3 11 6 0 28 28 15 25 18 4 0 4 24 22 3 19 4 18 12 12 8 28 7 17 8 9 11 17 19 9 16 2 11 19 17 28 24 25 20 23 9 3 3 28 10 12 22 11 11 25 5 24 15 18 25 24 17 23 0 8 11 2 15 3 3 3 0 10 24 5 18 5 4 3 15 5 20 19 10 4 2 0 10 4 10 5 15 2 19 12 8 28 23 0 2 2 2 6 4 7 12 7 15 10 19 
Time cost: 4.240170955657959s

Result: 22173
Status of facilities: 1 1 1 0 1 1 1 1 1 1 1 1 1 1 1 1 0 0 1 1 0 1 0 0 1 0 0 1 1 0 
The assignment of customers to facilities: 18 19 21 27 2 12 15 27 18 28 4 28 13 1 28 18 1 10 27 0 18 21 5 24 10 18 27 19 4 2 19 19 4 21 27 6 8 8 24 15 18 9 6 4 8 19 13 21 19 14 24 24 24 21 8 6 11 9 18 7 4 0 7 8 13 11 5 14 28 12 18 12 19 9 5 13 10 5 8 24 10 0 9 7 4 13 6 5 27 7 28 6 7 11 2 13 11 6 0 28 28 15 12 18 4 0 4 24 27 13 19 4 27 12 12 8 28 7 14 8 9 11 28 19 9 21 2 11 19 0 28 24 11 10 1 9 1 13 28 10 12 27 11 11 11 5 24 15 27 11 24 0 10 0 8 11 2 15 13 13 13 27 10 24 5 27 5 4 1 21 1 8 19 14 4 2 0 10 4 10 5 21 2 19 12 8 28 10 0 21 2 21 6 4 7 12 7 15 10 19 
Time cost: 4.325719356536865s

Result: 22542
Status of facilities: 1 0 0 1 1 1 1 1 1 1 1 1 1 1 1 1 1 1 1 0 0 1 1 0 1 0 0 1 1 0 
The assignment of customers to facilities: 18 6 21 27 21 12 15 27 22 28 4 28 13 13 28 18 3 10 22 0 18 16 5 24 10 18 27 14 4 21 6 6 4 16 27 6 8 8 24 16 18 9 6 4 8 4 13 21 14 14 24 16 24 16 8 6 11 9 18 7 4 0 7 8 13 11 5 14 28 12 18 12 6 9 5 13 10 5 8 16 10 0 9 7 4 13 6 5 27 7 28 6 7 11 0 3 11 6 0 28 28 15 12 18 4 0 4 24 22 3 14 4 27 12 12 8 28 7 17 8 9 11 17 6 9 16 21 11 14 17 28 24 11 10 5 9 3 3 28 10 12 22 11 11 11 5 24 15 27 7 24 17 10 0 8 11 5 15 3 13 13 27 10 24 5 27 5 4 3 21 5 8 28 14 9 21 0 10 4 10 5 21 21 6 12 8 28 10 0 21 21 21 6 6 7 12 7 15 10 6 
Time cost: 4.268129110336304s

Result: 22884
Status of facilities: 1 0 1 1 1 1 1 1 1 1 1 1 1 1 1 0 1 1 0 0 1 1 1 0 0 1 0 1 1 1 
The assignment of customers to facilities: 7 6 21 27 2 12 21 27 22 28 4 28 13 13 28 7 3 20 22 0 27 16 5 0 10 27 27 14 29 2 6 4 4 16 27 6 20 8 16 16 7 9 6 4 8 6 13 21 14 14 0 16 2 16 8 6 11 9 22 7 29 0 7 8 13 11 5 14 28 25 7 12 6 9 5 13 20 5 8 16 10 0 9 25 29 13 6 5 27 7 28 6 25 25 2 3 11 6 0 28 28 21 25 7 4 0 4 27 22 3 14 4 27 12 12 8 28 7 17 8 9 11 17 6 9 16 2 11 4 17 28 21 25 20 5 9 3 3 28 10 12 22 11 11 25 5 16 21 27 25 0 17 10 0 8 11 2 16 3 13 13 27 10 2 5 27 5 4 3 21 5 20 28 14 4 2 0 10 29 10 5 21 2 6 12 8 28 10 0 21 2 21 6 4 7 12 7 21 10 6 
Time cost: 4.213425397872925s

Result: 22936
Status of facilities: 1 1 1 0 1 1 1 1 1 1 1 1 1 1 1 1 1 0 1 1 0 1 0 1 0 0 1 1 1 0 
The assignment of customers to facilities: 18 19 21 27 2 12 15 27 18 28 4 28 13 1 28 18 1 10 27 0 18 16 5 2 10 18 27 19 4 2 19 19 4 16 27 6 8 8 16 16 18 9 6 4 8 19 13 21 19 14 0 16 2 16 8 6 11 9 18 7 4 0 7 8 13 11 5 14 28 12 18 12 19 9 23 23 10 23 8 16 10 0 9 7 4 13 6 5 27 7 28 6 7 11 2 13 11 6 0 28 28 15 12 18 4 0 4 16 27 13 19 4 27 12 12 8 28 7 14 8 26 11 28 19 26 16 2 11 26 0 28 21 11 10 23 9 1 13 28 10 12 27 11 11 11 5 16 15 27 7 0 0 23 0 8 11 2 15 13 13 13 27 10 2 5 27 5 4 1 21 1 8 19 14 26 2 0 10 4 10 5 21 2 6 12 8 28 23 0 21 2 21 6 4 7 12 7 15 10 19 
Time cost: 4.196353912353516s

Result: 22738
Status of facilities: 1 0 1 0 1 1 1 1 1 1 1 1 1 1 1 1 0 1 0 0 0 1 1 1 1 1 0 1 1 1 
The assignment of customers to facilities: 7 6 21 27 2 12 15 27 22 28 4 28 13 13 28 7 13 10 22 0 27 21 5 24 10 27 27 14 29 2 6 4 4 21 27 6 8 8 24 15 7 9 6 4 8 6 13 21 14 14 24 24 24 21 8 6 11 9 22 25 29 0 7 8 13 11 5 14 28 25 7 12 6 9 23 23 10 23 8 24 10 0 9 25 29 13 6 5 27 7 28 6 25 25 2 13 11 6 0 28 28 15 25 7 4 0 4 24 22 13 14 4 27 12 12 8 28 7 17 8 9 11 17 6 9 21 2 11 4 17 28 24 25 10 23 9 13 13 28 10 12 22 11 11 25 5 24 15 27 25 24 17 23 0 8 11 2 15 13 13 13 27 10 24 5 27 5 4 13 21 5 8 28 14 4 2 0 10 29 10 5 21 2 6 12 8 28 23 0 21 2 21 6 4 7 12 7 15 10 6 
Time cost: 4.192091464996338s

Result: 22977
Status of facilities: 1 0 1 0 1 1 1 1 1 1 1 1 1 1 1 1 1 1 0 1 1 0 1 0 1 1 0 0 0 0 
The assignment of customers to facilities: 7 19 2 22 2 12 15 0 22 17 4 17 13 13 19 7 13 20 22 0 11 16 5 24 10 11 24 19 4 2 19 19 4 16 0 6 20 8 24 16 7 9 6 4 8 19 13 2 19 14 24 16 24 16 8 6 11 9 22 7 4 0 7 8 13 11 5 14 19 25 7 12 6 9 5 10 20 5 8 16 10 0 9 25 4 13 6 5 24 7 17 6 25 25 2 13 11 6 0 17 17 15 25 7 4 0 4 24 22 13 19 4 22 12 12 8 11 7 17 8 9 11 17 19 9 16 2 11 19 17 11 24 25 20 5 9 13 13 17 10 12 22 11 11 25 5 24 15 22 25 24 17 10 0 8 11 2 15 13 13 13 0 10 24 5 0 5 4 13 15 5 20 19 14 4 2 0 10 4 10 5 15 2 6 12 8 11 10 0 2 2 2 6 4 7 12 7 15 10 19 
Time cost: 4.24878716468811s

Result: 22380
Status of facilities: 1 1 1 0 1 1 1 1 1 1 1 1 1 1 1 1 1 0 1 1 0 0 0 1 1 0 0 1 1 0 
The assignment of customers to facilities: 18 19 2 27 2 12 15 27 18 28 4 28 13 1 28 18 1 10 27 0 18 16 5 24 10 18 27 19 4 2 19 19 4 16 27 6 8 8 24 16 18 9 6 4 8 19 13 2 19 14 24 16 24 16 8 6 11 9 18 7 4 0 7 8 13 11 5 14 28 12 18 12 19 9 23 23 10 23 8 16 10 0 9 7 4 13 6 5 27 7 28 6 7 11 2 13 11 6 0 28 28 15 12 18 4 0 4 24 27 13 19 4 27 12 12 8 28 7 14 8 9 11 28 19 9 16 2 11 19 0 28 24 11 10 23 9 1 13 28 10 12 27 11 11 7 5 24 15 27 7 24 0 23 0 8 11 2 15 13 13 13 27 10 24 5 27 5 4 1 15 1 8 19 14 4 2 0 10 4 10 5 15 2 19 12 8 28 23 0 24 2 2 6 4 7 12 7 15 10 19 
Time cost: 4.2329607009887695s

Result: 22420
Status of facilities: 1 0 1 1 1 1 1 1 1 1 1 1 1 1 1 0 1 1 1 1 0 1 1 0 1 1 0 0 1 0 
The assignment of customers to facilities: 18 19 21 22 2 12 21 28 22 28 4 28 13 13 28 18 3 10 22 0 18 16 5 24 10 18 24 19 4 2 19 19 4 16 28 6 8 8 24 16 18 9 6 4 8 19 13 21 19 14 24 16 24 16 8 6 11 9 18 25 4 0 7 8 13 11 5 14 28 25 18 12 19 9 5 13 10 5 8 16 10 0 9 25 4 13 6 5 24 7 28 6 25 25 2 3 11 6 0 28 28 21 25 18 4 0 4 24 22 3 19 4 18 12 12 8 28 7 17 8 9 11 17 19 9 16 2 11 19 17 28 24 25 10 5 9 3 3 28 10 12 22 11 11 25 5 24 21 18 25 24 17 10 0 8 11 2 16 3 13 13 0 10 24 5 28 5 4 3 21 5 8 19 14 4 2 0 10 4 10 5 21 2 19 12 8 28 10 0 21 2 21 6 4 7 12 7 21 10 19 
Time cost: 4.217288970947266s

Result: 22505
Status of facilities: 1 1 1 0 1 1 1 1 1 1 1 0 1 1 1 1 1 0 1 1 0 1 1 0 0 1 0 0 1 0 
The assignment of customers to facilities: 18 19 21 22 2 12 15 28 22 0 4 28 13 1 28 18 1 10 22 0 18 16 5 2 10 18 22 19 4 2 19 19 4 16 18 6 8 8 16 16 18 9 6 4 8 19 13 21 19 14 0 16 2 16 8 6 25 9 18 25 4 0 7 8 13 25 5 14 28 25 7 12 19 9 5 13 10 5 8 16 10 0 9 25 4 13 6 5 22 7 28 6 25 25 2 13 28 6 0 28 28 15 25 18 4 0 4 16 22 13 19 4 18 12 12 8 28 7 14 8 9 25 28 19 9 16 2 12 19 0 28 21 25 10 1 9 1 13 28 10 12 22 12 25 25 5 16 15 18 25 0 14 10 0 8 28 2 15 13 13 13 0 10 2 5 18 5 4 1 21 1 8 19 14 4 2 0 10 4 10 5 21 2 19 12 8 28 10 0 21 2 21 6 4 7 12 7 15 10 19 
Time cost: 4.258683681488037s

Result: 22184
Status of facilities: 1 0 1 1 1 1 1 1 1 1 1 1 1 1 1 0 1 0 0 1 0 1 1 1 0 0 0 1 1 0 
The assignment of customers to facilities: 7 19 21 27 2 12 21 27 22 28 4 28 13 13 28 7 3 10 22 27 27 16 5 0 10 27 27 19 4 2 19 19 4 16 27 6 8 8 16 16 7 9 6 4 8 19 13 21 19 14 0 16 2 16 8 6 11 9 22 7 4 0 7 8 13 11 5 14 28 12 7 12 19 9 23 23 10 23 8 16 10 0 9 11 4 13 6 5 27 7 28 6 7 11 2 3 11 6 0 28 28 21 12 7 4 0 4 27 22 3 19 4 27 12 12 8 28 7 14 8 9 11 28 19 9 16 2 11 19 0 28 21 11 10 23 9 3 3 28 10 12 22 11 11 11 5 16 21 27 11 0 0 23 0 8 11 2 16 3 13 13 27 10 2 5 27 5 4 3 21 5 8 19 14 4 2 0 10 4 10 5 21 2 19 12 8 28 23 0 21 2 21 6 4 7 12 7 21 10 19 
Time cost: 4.2921836376190186s

Result: 22480
Status of facilities: 1 0 1 1 1 1 1 1 1 0 1 1 1 1 1 0 1 1 1 1 0 1 1 0 0 0 1 1 1 0 
The assignment of customers to facilities: 18 19 21 27 2 12 21 27 22 28 4 28 13 13 28 18 3 10 22 0 18 16 5 0 10 18 27 19 4 2 19 19 4 16 27 6 14 8 16 16 18 8 6 4 8 19 13 21 19 14 0 16 2 16 8 6 11 8 18 7 4 0 7 8 13 11 5 14 28 12 18 12 19 8 5 13 10 5 8 16 10 0 26 7 4 13 6 5 27 7 28 6 7 11 2 3 11 6 0 28 28 21 12 18 4 0 4 27 22 3 19 4 27 12 12 8 28 7 17 8 26 11 17 19 26 16 2 11 26 17 28 21 11 10 5 8 3 3 28 10 12 22 11 11 11 5 16 21 27 7 27 17 10 0 8 11 2 16 3 13 13 27 10 2 5 27 5 4 3 21 5 8 19 14 26 2 0 10 4 10 5 21 2 19 12 8 28 10 0 21 2 21 6 4 7 12 7 21 10 19 
Time cost: 4.2551209926605225s

Result: 22785
Status of facilities: 1 0 1 1 1 1 1 1 1 1 1 1 1 1 0 1 1 1 1 1 0 1 0 0 0 1 0 1 1 1 
The assignment of customers to facilities: 18 19 21 27 2 12 15 27 18 28 4 28 13 13 28 18 3 10 27 0 18 16 5 0 10 18 27 19 29 2 19 19 4 16 27 6 8 8 16 15 18 9 6 4 8 19 13 21 19 10 0 16 2 16 8 6 11 9 18 7 29 0 7 8 13 11 5 17 28 25 18 12 19 9 5 13 10 5 8 16 10 0 9 25 29 13 6 5 27 7 28 6 25 25 2 3 11 6 0 28 28 15 25 18 4 0 4 16 27 3 19 4 27 12 12 8 28 7 17 8 9 11 17 19 9 16 2 11 19 17 28 21 25 10 5 9 3 3 28 10 12 27 11 11 25 5 16 15 27 25 27 17 5 0 8 11 2 15 3 13 13 27 10 2 5 28 5 4 3 21 5 8 19 17 4 2 0 10 29 10 5 21 2 19 12 8 28 10 0 21 2 21 6 4 7 12 7 15 10 19 
Time cost: 4.208841800689697s

Result: 21879
Status of facilities: 1 0 1 1 1 1 1 0 1 1 1 1 1 1 0 0 1 0 1 1 0 1 0 1 1 1 0 1 1 0 
The assignment of customers to facilities: 18 19 21 27 2 12 21 27 18 28 4 28 13 13 28 18 3 10 27 0 18 16 5 24 10 18 27 19 4 2 19 19 4 16 27 6 8 8 24 16 18 9 6 4 8 19 13 21 19 10 24 16 24 16 8 6 11 9 18 25 4 0 25 8 13 11 5 19 28 25 18 12 6 9 23 23 8 23 8 16 10 0 9 25 4 13 6 5 27 25 28 6 25 25 2 3 11 6 0 28 28 21 25 18 4 0 4 24 27 3 19 4 27 12 12 8 28 25 0 8 9 11 28 19 9 16 2 11 19 0 28 24 11 10 23 9 3 3 28 10 12 27 11 11 25 5 24 21 27 25 24 0 23 0 8 11 2 16 3 13 13 27 10 24 5 27 5 4 3 21 5 8 19 10 4 2 0 10 4 10 5 21 2 19 12 8 28 23 0 21 2 21 6 4 25 12 25 21 10 19 
Time cost: 4.228732109069824s

Result: 22865
Status of facilities: 1 0 1 1 1 1 1 1 1 0 1 1 1 1 0 1 1 1 1 1 1 1 1 0 0 1 0 1 1 1 
The assignment of customers to facilities: 18 19 21 27 2 12 15 27 22 28 4 28 13 13 28 18 3 20 22 0 18 16 5 0 10 18 27 19 29 2 19 19 4 16 27 6 20 8 16 16 18 8 6 4 8 19 13 21 19 20 0 16 2 16 8 6 11 8 18 25 29 0 7 8 13 11 5 17 28 25 18 12 19 8 5 13 20 5 8 16 10 0 8 25 29 13 6 5 27 7 28 6 25 25 2 3 11 6 0 28 28 15 25 18 4 0 4 27 22 3 19 4 27 12 12 8 28 7 17 8 20 11 17 19 4 16 2 11 19 17 28 21 25 20 5 8 3 3 28 10 12 22 11 11 25 5 16 15 27 25 27 17 10 0 8 11 2 15 3 13 13 27 10 2 5 27 5 4 3 21 5 20 19 10 4 2 0 10 29 10 5 21 2 6 12 8 28 10 0 21 2 21 6 4 7 12 7 15 10 19 
Time cost: 4.184295892715454s

Result: 22286
Status of facilities: 1 0 1 1 1 1 1 1 1 1 1 1 1 0 1 0 1 1 1 1 0 0 0 1 1 1 0 1 1 0 
The assignment of customers to facilities: 18 19 2 27 2 12 2 27 18 28 4 28 10 3 28 18 3 10 27 0 18 16 5 24 10 18 27 19 4 2 19 19 4 16 27 6 8 8 24 16 18 9 6 4 8 19 3 2 19 14 24 16 24 16 8 6 11 9 18 7 4 0 7 8 3 11 5 14 28 25 18 12 19 9 23 23 10 23 8 16 23 0 9 25 4 10 6 5 27 7 28 6 25 25 2 3 11 6 0 28 28 16 25 18 4 0 4 24 27 3 19 4 27 12 12 8 28 7 17 8 9 11 17 19 9 16 2 11 19 17 28 24 25 10 23 9 3 3 28 10 12 27 11 11 25 5 24 16 27 25 24 17 23 0 8 11 2 16 3 3 3 27 10 24 5 27 5 4 3 2 5 8 19 14 4 2 0 10 4 10 5 16 2 19 12 8 28 23 0 24 2 16 6 4 7 12 7 2 10 19 
Time cost: 4.2138283252716064s

Result: 22868
Status of facilities: 1 0 1 1 1 1 1 1 1 1 1 1 1 1 1 1 1 1 1 1 0 1 0 1 1 1 0 1 0 0 
The assignment of customers to facilities: 18 19 21 27 2 12 15 27 18 17 4 17 13 13 19 18 3 10 27 0 18 16 5 24 10 18 27 19 4 2 19 19 4 16 27 6 8 8 24 16 18 9 6 4 8 19 13 21 19 14 24 16 24 16 8 6 11 9 18 7 4 0 7 8 13 11 5 14 19 25 18 12 6 9 23 23 10 23 8 16 10 0 9 25 4 13 6 5 27 7 17 6 25 25 2 3 11 6 0 17 17 15 25 18 4 0 4 24 27 3 19 4 27 12 12 8 11 7 17 8 9 11 17 19 9 16 2 11 19 17 11 24 25 10 23 9 3 3 17 10 12 27 11 11 25 5 24 15 27 25 24 17 23 0 8 11 2 15 3 13 13 27 10 24 5 27 5 4 3 21 5 8 19 14 4 2 0 10 4 10 5 21 2 6 12 8 11 23 0 21 2 21 6 4 7 12 7 15 10 19 
Time cost: 4.177591800689697s

Result: 22444
Status of facilities: 1 0 1 1 1 1 1 1 1 1 1 1 1 0 1 0 1 1 1 0 0 1 1 0 1 0 1 1 1 0 
The assignment of customers to facilities: 18 6 21 27 2 12 21 27 22 28 4 28 8 3 28 18 3 10 22 0 18 16 5 24 14 18 27 14 4 2 6 26 4 16 27 6 8 8 24 16 18 9 6 4 8 26 3 21 14 14 24 16 24 16 8 6 11 9 18 7 4 0 7 8 3 11 5 14 28 12 18 12 6 9 5 10 10 5 8 16 10 0 9 7 4 10 6 5 27 7 28 6 7 11 2 3 11 6 0 28 28 21 12 18 4 0 4 24 22 3 14 4 27 12 12 8 28 7 17 8 26 11 17 6 26 16 2 11 26 17 28 24 11 10 5 9 3 3 28 10 12 22 11 11 7 5 24 21 27 7 24 17 5 0 8 11 2 16 3 3 3 27 10 24 5 27 5 4 3 21 5 8 28 14 26 2 0 10 4 10 5 21 2 6 12 8 28 10 0 21 2 21 6 4 7 12 7 21 10 6 
Time cost: 4.204209566116333s

