Begin: 85536

Result: 29382
Status of facilities: 1 0 1 1 1 1 1 1 1 1 1 1 1 0 1 1 0 1 1 1 1 0 0 1 1 0 0 0 0 0 
The assignment of customers to facilities: 7 19 2 24 5 12 15 0 18 17 4 17 10 3 19 18 3 20 24 0 18 24 5 24 10 18 0 19 4 2 19 19 4 24 18 6 20 8 0 15 18 9 6 4 8 19 3 2 19 14 24 24 24 15 8 6 11 9 18 7 4 0 7 8 3 11 5 14 19 12 7 12 6 9 23 23 20 23 8 24 10 0 9 7 4 10 6 5 24 7 17 6 7 11 2 3 11 6 0 17 17 15 12 18 4 0 4 24 24 3 19 4 18 12 12 8 17 7 17 8 9 11 17 19 9 15 2 11 19 17 11 24 11 20 23 9 3 3 17 10 12 18 11 11 11 5 24 15 18 7 24 17 23 0 8 11 2 15 3 3 3 0 10 2 5 18 5 4 3 15 5 20 19 14 4 2 0 10 4 10 5 15 2 6 12 8 11 23 0 2 2 2 6 4 7 12 7 15 10 19 
Time cost: 4.398065567016602s

Result: 27819
Status of facilities: 1 0 1 1 1 1 1 1 1 1 1 1 1 0 1 1 1 0 0 0 0 0 0 1 1 0 0 1 1 0 
The assignment of customers to facilities: 7 6 2 27 2 12 15 27 27 28 4 28 10 3 28 11 3 10 24 0 27 16 5 24 10 27 27 14 4 2 6 4 4 16 27 6 8 8 24 16 7 9 6 4 8 6 3 2 14 14 24 16 24 16 8 6 11 9 7 7 4 0 7 8 3 11 5 14 28 12 7 12 6 9 23 23 10 23 8 16 23 0 9 7 4 10 6 5 24 7 28 6 11 11 2 3 11 6 0 28 28 15 12 7 4 0 4 24 16 3 14 4 27 12 12 8 28 7 14 8 9 11 28 6 9 16 2 11 14 0 28 24 11 10 23 9 3 3 28 10 12 27 11 11 11 5 24 15 27 11 24 0 23 0 8 11 2 15 3 3 3 27 10 24 5 27 5 4 3 15 5 8 28 14 9 2 0 10 4 10 5 15 2 6 12 8 28 23 0 2 2 2 6 4 7 12 7 15 10 6 
Time cost: 4.384791135787964s

Result: 28447
Status of facilities: 1 0 1 1 1 1 1 1 1 0 1 1 1 0 1 1 1 0 0 0 0 0 0 1 1 1 1 0 1 0 
The assignment of customers to facilities: 7 6 2 24 2 12 15 28 24 28 4 28 10 3 28 7 3 10 16 0 11 16 5 2 10 11 24 14 4 2 6 26 4 16 28 6 8 8 24 16 7 8 6 4 8 26 3 2 14 14 24 16 2 16 8 6 11 8 7 25 4 0 7 8 3 11 5 14 28 25 7 12 6 8 23 23 10 23 8 16 10 0 26 25 4 23 6 5 24 7 28 6 25 25 2 3 11 6 0 28 28 15 25 7 4 0 4 24 16 3 14 4 11 12 12 8 28 7 14 8 26 11 28 6 26 16 2 11 26 0 28 24 25 10 23 26 3 3 28 10 12 16 11 11 25 5 24 15 24 25 24 0 23 0 8 11 2 15 3 3 3 0 10 24 5 0 5 4 3 15 5 8 14 14 26 2 0 10 4 10 5 15 2 6 12 8 28 23 0 16 2 16 6 4 7 12 7 15 10 6 
Time cost: 4.375610589981079s

Result: 29450
Status of facilities: 1 0 1 1 1 1 1 1 1 1 1 1 1 1 1 1 1 0 0 1 1 0 0 0 1 0 0 0 1 0 
The assignment of customers to facilities: 7 19 2 24 2 12 15 28 24 28 4 28 13 13 28 7 3 20 16 0 11 16 5 24 10 11 24 19 4 2 19 19 4 16 28 6 20 8 16 16 7 9 6 4 8 19 13 16 19 14 24 16 2 16 8 6 11 9 7 7 4 0 7 8 13 12 5 14 28 12 7 12 19 9 5 13 20 5 8 16 10 0 9 7 4 13 6 5 0 7 28 6 11 7 2 3 11 6 0 28 28 15 12 12 4 0 4 24 16 3 19 4 24 12 12 8 28 7 14 8 9 11 28 19 9 16 2 12 19 0 28 24 11 20 5 9 3 3 28 10 12 24 11 11 11 5 24 15 24 11 0 14 10 0 8 11 2 15 3 13 13 0 10 16 5 24 5 4 3 15 5 20 19 14 4 2 0 10 4 10 5 15 2 19 11 8 28 10 0 2 2 2 6 4 7 12 7 15 10 19 
Time cost: 4.3858678340911865s

Result: 29199
Status of facilities: 1 1 1 1 1 0 1 1 1 1 1 1 1 1 1 1 1 0 1 0 0 1 0 0 0 0 0 1 0 0 
The assignment of customers to facilities: 18 6 21 27 21 12 15 27 18 27 4 14 13 1 6 18 1 13 16 0 18 16 1 0 10 18 27 14 4 2 6 4 4 16 27 6 8 8 16 16 18 9 6 4 8 14 13 21 14 14 0 16 21 16 8 6 11 9 18 7 4 0 7 8 13 11 2 14 6 12 18 12 6 9 10 13 8 10 8 16 10 0 9 7 4 13 6 2 27 7 11 6 7 11 2 3 11 6 0 11 14 15 12 18 4 0 4 16 27 3 14 4 27 12 12 8 27 7 14 8 9 11 0 6 9 16 2 11 9 0 11 21 12 10 1 9 3 3 11 14 12 18 11 11 11 2 16 15 27 7 2 0 10 0 8 11 2 15 3 13 13 27 10 21 10 27 1 4 3 21 1 8 14 14 9 2 0 10 4 10 2 21 2 6 12 8 11 10 0 21 2 21 6 4 7 12 7 15 10 6 
Time cost: 4.374039649963379s

Result: 29611
Status of facilities: 1 1 1 1 1 1 1 1 1 1 1 1 1 1 1 1 1 1 1 1 0 0 0 0 0 0 0 0 0 0 
The assignment of customers to facilities: 18 19 2 18 2 12 15 17 18 17 4 17 13 1 19 18 1 10 16 0 18 16 5 0 10 18 0 14 4 2 19 19 4 16 11 6 8 8 16 16 18 9 6 4 8 19 13 2 19 14 0 16 15 16 8 6 11 9 18 7 4 0 7 8 13 11 5 14 19 12 7 12 19 9 5 13 10 5 8 16 10 0 9 7 4 13 6 5 0 7 17 6 7 11 2 3 11 6 17 17 17 15 12 7 4 0 4 16 16 3 19 4 18 12 12 8 17 7 17 8 9 11 17 19 9 16 2 11 19 17 11 16 11 10 1 9 3 3 17 10 12 18 11 11 11 5 16 15 18 7 0 17 10 0 8 11 2 15 3 13 13 0 10 2 5 18 5 4 3 15 1 8 19 14 4 2 0 10 4 10 5 15 2 19 12 8 11 10 0 16 2 2 6 4 7 12 7 15 10 19 
Time cost: 4.361724853515625s

Result: 29113
Status of facilities: 1 0 1 1 1 1 1 1 1 1 1 1 1 1 1 1 1 0 1 0 0 1 0 0 0 0 1 0 1 0 
The assignment of customers to facilities: 18 6 21 18 2 12 15 28 18 28 4 28 13 13 28 18 3 10 16 0 11 16 5 2 10 18 0 14 4 2 6 26 4 16 28 6 8 8 16 16 18 9 6 4 8 26 13 21 14 14 0 16 2 16 8 6 11 9 18 7 4 0 7 8 13 11 5 14 28 12 7 12 6 9 5 13 10 5 8 16 10 0 9 7 4 13 6 5 18 7 28 6 7 11 2 3 11 6 0 28 28 15 12 18 4 0 4 16 16 3 14 4 18 12 12 8 28 7 14 8 26 11 28 6 26 16 2 11 26 0 28 21 11 10 5 9 3 3 28 10 12 18 11 11 11 5 16 15 18 11 2 0 10 0 8 11 2 15 3 13 13 0 10 2 5 18 5 4 3 21 5 8 14 14 26 2 0 10 4 10 5 21 21 6 12 8 28 10 0 21 2 21 6 4 7 12 7 15 10 6 
Time cost: 4.326414585113525s

Result: 29723
Status of facilities: 1 1 1 0 1 1 1 1 1 1 1 1 1 1 1 1 1 0 0 1 0 1 0 0 1 0 0 0 0 0 
The assignment of customers to facilities: 7 19 21 24 2 12 15 0 24 0 4 19 13 1 19 7 1 10 16 0 11 16 5 24 10 11 24 14 4 2 19 19 4 16 24 6 8 8 24 16 7 9 6 4 8 19 13 21 19 14 24 16 2 16 8 6 11 9 7 7 4 0 7 8 13 11 5 14 6 12 7 12 6 9 5 13 10 5 8 16 10 0 9 7 4 13 6 5 24 11 11 6 7 11 2 13 12 6 0 19 14 15 12 7 4 0 4 16 16 13 19 4 16 12 12 8 19 7 14 8 9 11 0 19 9 16 2 11 19 0 11 24 12 10 1 9 1 13 19 10 12 24 11 11 11 5 24 15 24 11 21 14 10 0 8 12 2 15 13 13 13 0 10 2 5 24 5 4 1 21 1 8 19 14 4 2 0 10 4 10 5 21 2 6 6 8 6 10 0 21 2 21 6 4 7 12 7 15 10 19 
Time cost: 4.396197319030762s

Result: 29729
Status of facilities: 1 1 1 0 1 1 1 1 1 1 1 1 1 1 1 1 1 0 0 0 1 0 0 0 1 0 1 1 0 0 
The assignment of customers to facilities: 7 6 2 27 2 12 15 27 27 27 4 14 13 1 6 11 1 20 16 0 27 16 5 24 10 27 27 14 4 2 6 26 4 16 27 6 20 8 24 16 7 9 6 4 8 26 13 2 14 14 24 16 2 16 8 12 11 9 27 7 4 0 7 8 13 11 5 14 6 11 7 12 6 9 5 13 20 5 8 16 10 0 9 7 4 13 6 5 27 7 11 6 7 11 2 13 27 6 0 11 14 15 12 7 4 0 4 24 27 13 14 4 24 12 12 8 6 7 14 8 26 11 0 26 26 16 2 11 26 0 11 24 11 20 1 9 1 13 11 10 12 27 11 11 11 5 24 15 24 12 24 0 10 0 8 12 2 15 13 13 13 0 10 24 5 27 5 4 1 15 1 20 14 14 26 2 0 10 4 10 5 15 2 6 12 8 6 10 0 16 2 2 6 4 7 12 7 15 10 6 
Time cost: 4.378723382949829s

Result: 29368
Status of facilities: 1 0 1 1 1 1 1 1 1 1 1 1 1 1 1 1 1 0 0 0 0 0 0 1 1 0 0 1 0 0 
The assignment of customers to facilities: 7 6 2 27 2 12 15 27 24 27 4 14 13 13 6 7 3 10 16 0 27 16 5 24 10 27 27 14 4 2 6 4 4 16 27 6 8 8 24 16 7 9 6 4 8 14 13 16 14 10 24 16 2 16 8 6 7 9 27 7 4 0 7 8 13 11 5 14 6 12 7 12 6 9 23 23 10 23 8 16 10 0 9 11 4 13 6 5 27 11 0 6 7 11 2 3 11 6 0 11 14 15 12 7 4 0 4 24 27 3 14 4 24 12 12 8 11 7 14 8 9 11 0 14 9 16 2 12 14 0 11 24 12 10 23 9 3 3 11 10 12 24 11 11 7 5 24 15 27 12 24 0 23 0 8 11 2 15 3 13 13 27 10 24 5 27 5 4 3 15 5 8 14 14 4 2 0 10 9 10 5 15 2 6 6 8 11 23 0 2 2 2 6 4 7 12 7 15 10 6 
Time cost: 4.444601058959961s

Result: 28816
Status of facilities: 1 0 1 1 1 1 1 1 1 0 1 1 1 1 1 1 1 0 0 0 0 0 1 1 0 0 1 0 1 0 
The assignment of customers to facilities: 7 6 2 22 5 12 15 28 22 28 4 28 13 13 28 11 3 10 22 0 11 16 5 0 10 11 22 14 4 5 6 26 4 16 28 6 8 8 16 16 7 8 6 4 8 26 13 2 14 14 0 16 2 16 8 6 11 8 22 7 4 0 7 8 13 11 5 14 6 12 7 12 6 26 23 23 10 23 8 16 10 0 26 7 4 13 6 5 22 7 28 6 11 7 0 3 11 6 0 28 28 15 12 7 4 2 4 16 22 3 14 4 22 12 12 8 28 7 14 8 26 11 28 6 26 16 2 11 26 0 28 16 12 10 23 8 3 3 28 10 12 22 11 11 11 5 16 15 22 11 0 28 23 0 8 11 2 15 3 13 13 0 10 2 5 22 5 4 3 15 5 8 14 14 26 2 0 10 4 10 5 15 2 6 12 8 28 23 0 2 2 16 6 4 7 12 7 15 10 6 
Time cost: 4.431634902954102s

Result: 28892
Status of facilities: 1 1 1 0 1 1 1 1 1 1 1 1 1 1 1 1 1 0 1 0 0 0 0 0 1 0 0 1 0 1 
The assignment of customers to facilities: 18 6 2 27 2 12 15 27 18 27 4 14 13 1 6 18 1 10 27 0 18 16 5 24 10 18 27 14 29 2 6 4 4 16 27 6 8 8 24 16 18 9 6 29 8 4 13 2 14 14 24 16 24 16 8 6 11 9 18 7 29 0 7 8 13 11 5 14 6 12 18 12 6 9 5 13 10 5 8 16 10 0 9 7 29 13 6 5 27 7 11 6 7 11 2 13 11 6 0 11 14 15 12 18 4 0 4 24 16 13 14 4 27 12 12 8 11 7 14 8 9 11 0 6 9 16 2 11 4 0 11 24 11 10 1 9 1 13 0 10 12 27 12 11 7 5 24 15 27 7 24 0 10 0 8 11 2 15 13 13 13 27 10 24 5 27 5 4 1 15 1 8 14 14 4 2 0 10 29 10 5 15 2 6 12 8 11 10 0 2 2 2 6 4 7 12 7 15 10 6 
Time cost: 4.361067056655884s

Result: 28614
Status of facilities: 1 0 1 1 1 1 1 1 0 1 1 1 1 1 0 1 1 1 0 1 1 0 1 0 0 0 0 0 0 0 
The assignment of customers to facilities: 22 19 2 22 5 12 15 17 22 17 4 17 13 13 19 7 3 20 22 0 11 16 5 0 10 11 22 19 4 2 19 19 4 16 0 6 20 9 16 16 7 9 6 4 20 19 13 16 19 20 0 16 2 16 20 6 7 9 22 7 4 0 7 20 13 11 5 17 19 11 7 12 6 9 5 13 20 10 20 16 10 0 9 7 4 13 6 5 22 7 17 6 11 11 2 3 11 6 0 17 17 15 12 7 4 0 4 16 22 3 19 4 22 12 12 20 11 7 17 20 9 11 17 19 9 16 2 12 19 17 11 16 12 20 5 9 3 3 17 10 12 22 11 11 11 5 16 15 22 12 16 17 10 0 20 11 2 15 3 13 13 0 10 2 5 0 5 4 3 15 5 20 19 10 4 2 0 10 4 10 5 15 2 6 12 9 6 10 0 2 2 2 6 4 7 12 7 15 10 19 
Time cost: 4.399820804595947s

Result: 29383
Status of facilities: 1 0 1 1 1 1 1 1 1 1 1 1 1 1 1 1 1 0 1 0 0 0 0 0 0 1 0 0 0 0 
The assignment of customers to facilities: 18 6 2 18 5 12 15 0 18 0 4 14 13 13 6 18 3 10 16 0 18 16 5 0 13 18 18 14 4 2 6 14 4 16 18 6 8 8 16 15 18 9 6 4 8 6 13 16 14 14 0 16 2 16 8 12 25 9 18 7 4 0 7 8 13 11 5 14 6 25 7 12 6 9 10 13 10 5 8 16 10 0 9 25 4 13 6 5 18 7 11 6 25 25 2 3 11 6 10 11 14 15 25 7 4 0 4 16 16 3 14 4 7 12 12 8 11 7 14 8 9 11 0 6 9 16 2 11 4 14 11 2 25 10 5 9 3 3 11 10 12 18 11 25 25 5 16 15 18 25 16 0 10 0 8 11 2 15 3 13 13 18 10 2 5 11 5 4 3 15 5 8 14 14 9 2 0 10 4 10 5 15 2 6 12 8 11 10 0 2 2 16 6 4 7 12 7 15 10 14 
Time cost: 4.419222593307495s

Result: 29676
Status of facilities: 1 0 1 1 1 1 1 1 1 1 1 1 1 1 1 1 1 0 1 0 0 0 0 0 0 1 1 0 0 0 
The assignment of customers to facilities: 18 6 2 18 15 12 15 11 18 0 4 14 13 13 6 18 3 10 16 0 18 16 5 0 10 18 16 14 4 5 6 26 4 16 18 6 8 8 16 16 18 9 6 4 8 26 13 2 14 14 0 16 15 16 8 6 25 9 18 7 4 2 7 8 13 11 5 14 6 25 7 12 6 9 5 13 10 5 8 16 10 0 9 25 4 13 6 5 18 7 11 6 25 25 2 3 11 6 0 11 14 15 25 7 4 0 4 16 16 3 14 4 18 12 12 8 11 7 14 8 26 11 14 6 26 16 2 11 26 14 11 16 25 10 5 9 3 3 11 10 12 18 12 11 25 5 16 15 18 25 0 0 10 0 8 11 2 15 3 13 13 0 10 2 5 11 5 4 3 15 5 8 14 14 26 2 0 10 4 10 5 15 2 6 12 8 11 10 0 2 2 2 6 4 7 12 7 15 10 6 
Time cost: 4.38527512550354s

Result: 28936
Status of facilities: 1 0 1 1 1 1 1 1 1 1 1 1 1 1 1 1 1 0 0 0 0 0 0 0 1 1 1 0 1 0 
The assignment of customers to facilities: 7 6 2 24 2 12 15 28 16 28 4 28 13 13 28 7 3 10 16 0 11 16 5 24 10 11 24 14 4 2 6 26 4 16 28 6 8 8 24 16 7 9 6 4 8 26 13 16 14 14 24 16 16 16 8 6 11 9 7 7 4 0 7 8 13 11 5 14 28 25 7 12 6 9 5 13 10 5 8 16 10 0 9 25 4 13 6 5 24 7 28 6 25 25 2 3 11 6 0 28 28 15 25 7 4 0 4 24 16 3 14 4 11 12 12 8 28 7 14 8 26 11 28 6 26 16 2 11 26 0 11 24 25 10 5 9 3 3 28 10 12 24 11 11 25 5 24 15 24 25 24 0 10 0 8 11 2 15 3 13 13 0 10 2 5 0 5 4 3 15 5 8 28 14 26 2 0 10 4 10 5 15 2 6 12 8 28 10 0 2 2 2 6 4 7 12 7 15 10 6 
Time cost: 4.319636583328247s

Result: 28650
Status of facilities: 1 0 1 1 1 1 1 1 1 1 1 1 1 1 1 1 1 1 0 1 0 0 0 0 0 0 0 1 0 0 
The assignment of customers to facilities: 27 19 2 27 2 12 15 27 27 17 4 17 13 13 19 7 3 10 16 0 11 16 5 0 10 27 27 19 4 2 19 19 4 16 27 6 8 8 16 15 7 9 6 4 8 19 13 2 19 14 0 16 2 16 8 6 11 9 27 7 4 0 7 8 13 11 5 14 19 12 7 12 6 9 5 13 10 5 8 16 10 0 9 7 4 13 6 5 27 7 17 6 7 11 2 3 11 6 0 17 17 15 12 7 4 0 4 16 16 3 19 4 27 12 12 8 11 7 17 8 9 11 17 19 9 16 2 12 19 17 11 16 11 10 5 9 3 3 17 10 12 27 6 11 7 5 16 15 27 11 0 17 10 0 8 11 5 15 3 13 13 17 10 2 5 27 5 4 3 15 5 8 19 14 4 2 0 10 4 10 5 15 0 6 12 8 11 10 0 2 2 16 6 4 7 12 7 15 10 19 
Time cost: 4.404443979263306s

Result: 29295
Status of facilities: 1 1 1 0 1 1 1 1 1 1 1 1 1 1 1 1 1 0 0 0 0 0 0 1 1 1 0 0 1 0 
The assignment of customers to facilities: 7 6 2 24 2 12 15 28 16 28 4 28 13 1 28 7 1 10 16 0 11 16 5 24 10 11 24 14 4 2 6 6 4 16 0 6 8 8 24 16 7 9 6 4 8 14 13 16 14 14 24 16 2 16 8 6 11 9 7 7 4 0 7 8 13 11 5 14 28 25 7 12 6 9 23 23 10 23 8 16 10 0 9 25 4 13 6 5 24 7 28 6 25 25 5 13 11 6 0 28 28 15 25 7 4 0 4 16 16 13 14 4 24 12 12 8 28 7 14 8 9 11 28 6 9 16 2 11 14 0 28 24 25 10 23 9 1 13 28 10 12 24 11 11 25 5 24 15 24 25 16 0 23 0 8 11 2 15 13 13 13 0 10 2 5 24 5 4 1 15 1 8 28 14 4 2 0 10 4 10 5 15 2 6 12 8 28 23 0 2 2 16 6 4 7 12 7 15 10 6 
Time cost: 4.331724166870117s

Result: 29708
Status of facilities: 1 0 1 1 1 1 1 1 1 1 1 1 1 1 1 1 1 0 0 0 0 0 0 1 1 0 1 0 1 0 
The assignment of customers to facilities: 7 6 2 24 5 12 15 28 24 28 4 28 13 13 28 7 3 10 16 0 28 16 5 0 10 11 24 14 4 2 6 26 4 16 0 6 8 8 16 16 7 9 6 4 8 26 13 16 14 14 24 16 2 16 8 6 11 9 7 7 4 0 7 8 13 11 5 14 28 12 7 12 6 9 23 23 10 23 8 16 10 0 9 7 4 13 6 5 24 7 28 6 11 11 0 3 11 6 0 28 28 15 12 11 4 2 4 24 16 3 14 4 24 12 12 8 28 7 14 8 26 11 28 6 26 16 2 12 26 0 28 24 11 10 23 9 3 3 28 10 12 24 28 11 11 5 24 15 16 11 24 0 23 0 8 11 2 15 3 13 13 0 10 2 5 24 5 4 3 15 5 8 14 14 26 2 0 10 4 10 5 15 2 6 12 8 11 23 0 2 2 2 6 4 7 12 7 15 10 6 
Time cost: 4.390548944473267s

Result: 29369
Status of facilities: 1 1 1 1 1 1 1 1 1 1 1 1 1 0 1 0 1 0 1 0 0 1 1 1 0 0 0 0 0 1 
The assignment of customers to facilities: 18 6 21 22 2 12 21 11 22 0 4 14 10 1 6 18 1 10 22 0 18 16 5 2 10 18 22 14 29 2 6 4 4 16 18 6 8 8 16 16 18 9 6 29 8 4 3 21 14 14 0 16 2 16 8 6 7 9 18 7 29 0 7 8 3 11 5 14 6 12 18 12 6 9 23 23 10 23 8 16 23 0 9 7 29 10 6 5 22 7 11 6 7 11 2 3 11 6 0 11 14 21 12 18 4 0 4 16 22 3 14 4 18 12 12 8 11 7 14 8 9 11 14 6 9 16 2 11 4 0 11 21 11 10 23 9 3 3 11 10 12 22 12 11 7 5 16 21 22 7 0 14 23 0 8 11 2 16 3 3 1 0 10 2 5 18 5 4 3 21 1 8 14 14 4 2 0 10 29 10 5 21 2 6 12 8 11 23 0 21 2 21 6 4 7 12 7 21 10 6 
Time cost: 4.366862535476685s

Result: 29714
Status of facilities: 1 0 1 1 1 1 1 1 1 1 1 1 1 1 1 1 1 1 0 0 0 1 0 0 0 1 0 0 0 0 
The assignment of customers to facilities: 7 6 21 16 2 12 15 17 16 17 4 17 13 13 6 7 3 10 16 0 11 16 5 2 10 11 16 14 4 2 6 6 4 16 0 6 8 8 21 16 7 9 6 4 8 4 13 21 14 14 0 16 2 16 8 6 25 9 7 7 4 0 7 8 13 11 5 14 6 25 7 12 6 9 5 13 10 5 8 16 10 0 9 25 4 13 6 5 0 7 17 6 25 25 2 3 11 12 17 17 17 15 25 7 4 0 4 16 16 3 14 4 11 12 12 8 11 7 17 8 9 11 17 6 9 16 2 11 14 17 11 21 25 10 5 9 3 3 17 10 12 16 11 11 25 5 16 15 11 25 0 17 10 0 8 11 2 15 3 13 13 0 10 2 5 0 5 4 3 21 5 8 14 14 9 2 0 10 4 10 5 21 2 6 12 8 12 10 0 21 2 21 6 6 7 12 7 15 10 14 
Time cost: 4.388705492019653s

Result: 28687
Status of facilities: 1 0 1 1 1 1 1 1 1 1 1 1 1 1 0 1 1 1 1 1 0 1 0 0 0 0 0 0 0 0 
The assignment of customers to facilities: 18 19 21 18 2 12 15 0 18 17 4 17 13 13 19 18 3 10 16 0 18 16 5 0 10 18 16 19 4 2 19 19 4 16 18 6 8 8 16 15 18 9 6 4 8 19 13 21 19 10 0 16 21 16 8 6 11 9 18 7 4 0 7 8 13 11 5 17 19 12 7 12 6 9 5 13 10 5 8 16 10 0 9 7 4 13 6 5 18 7 17 6 7 11 2 3 11 6 0 17 17 15 12 18 4 0 4 16 16 3 19 4 18 12 12 8 11 7 17 8 9 11 17 19 9 16 2 11 19 17 11 21 11 10 5 9 3 3 17 10 12 16 11 11 7 5 16 15 18 7 2 17 5 0 8 11 2 15 3 13 13 0 10 2 5 0 5 4 3 21 5 8 19 17 4 2 0 10 4 10 5 21 2 6 12 8 11 10 0 21 2 21 6 4 7 12 7 15 10 19 
Time cost: 4.375444650650024s

Result: 29014
Status of facilities: 1 1 1 0 1 1 1 1 1 1 1 1 1 1 1 1 1 0 0 0 0 0 0 0 1 1 0 0 1 0 
The assignment of customers to facilities: 7 6 2 24 2 12 15 28 24 28 4 28 13 1 28 7 1 10 16 0 11 16 5 24 10 11 24 14 4 5 6 6 4 16 28 6 8 8 24 16 7 9 6 4 8 14 13 2 14 14 24 16 2 16 8 6 11 9 7 25 4 0 7 8 13 11 5 14 28 25 7 12 6 9 5 13 10 5 8 16 10 0 9 25 6 13 6 5 24 7 28 6 25 25 2 13 11 6 0 28 28 15 25 7 4 0 4 24 16 13 14 4 11 12 12 8 28 7 14 8 9 11 28 14 9 16 2 11 4 0 28 24 25 10 1 9 1 13 28 10 12 24 11 11 25 5 16 15 24 25 2 0 10 0 8 11 2 15 13 13 13 0 10 0 5 24 5 4 1 15 1 8 28 14 4 2 0 10 4 10 5 15 2 6 12 8 11 10 0 16 2 2 6 4 7 12 7 15 10 6 
Time cost: 4.355708837509155s

Result: 28337
Status of facilities: 1 0 1 0 1 1 1 1 1 1 1 1 1 1 1 0 1 0 0 1 1 1 1 0 0 0 0 0 1 0 
The assignment of customers to facilities: 7 19 21 22 2 12 21 28 22 28 4 28 13 13 28 7 13 20 22 0 11 16 5 2 10 11 22 19 4 2 19 19 4 16 28 6 20 8 16 16 7 9 6 4 8 19 13 21 19 14 0 16 21 16 8 6 11 9 22 7 4 0 7 8 13 11 5 14 28 12 7 12 19 9 5 10 20 5 8 16 10 0 9 7 4 13 6 5 22 7 28 6 11 11 2 13 11 6 0 28 28 21 12 7 4 0 4 16 22 13 19 4 22 12 12 8 28 7 14 8 9 11 28 19 9 16 2 11 19 14 28 21 11 20 5 9 13 13 28 10 12 22 12 11 11 5 16 21 22 11 2 0 10 0 8 11 2 16 13 13 13 0 10 2 5 0 5 4 13 21 5 20 19 14 4 2 0 10 4 10 5 21 2 19 12 8 28 10 0 21 2 21 6 4 7 12 7 21 10 19 
Time cost: 4.384564399719238s

Result: 28353
Status of facilities: 1 0 1 1 1 1 1 1 1 1 1 1 1 1 1 1 1 0 0 0 0 0 1 0 0 0 0 1 1 1 
The assignment of customers to facilities: 7 6 2 27 2 12 15 27 22 28 4 28 13 13 28 7 3 10 22 0 27 16 5 0 10 27 27 14 29 2 6 4 4 16 27 6 8 8 16 15 7 9 6 29 8 4 13 16 14 14 0 16 2 16 8 6 11 9 22 7 29 0 7 8 13 11 5 14 28 12 7 12 6 9 5 13 10 5 8 16 10 0 9 7 29 13 6 5 27 7 28 6 11 11 2 3 11 6 0 28 28 15 12 7 4 0 4 16 22 3 14 4 27 12 12 8 28 7 14 8 9 11 28 6 9 16 2 11 4 0 28 16 11 10 5 9 3 3 28 10 12 22 11 11 11 5 16 15 27 11 27 0 10 0 8 11 2 15 3 13 13 27 10 2 5 27 5 4 3 15 5 8 28 14 4 2 0 10 29 10 5 15 2 6 12 8 28 10 0 16 2 2 6 4 7 12 7 15 10 6 
Time cost: 4.327158689498901s

Result: 29976
Status of facilities: 1 1 1 0 1 1 1 1 1 1 1 1 1 1 1 1 1 1 1 1 1 1 0 0 0 0 0 0 0 0 
The assignment of customers to facilities: 18 19 21 18 2 12 15 0 16 17 4 17 13 1 19 18 1 20 16 0 18 16 5 0 10 18 16 19 4 2 19 19 4 16 18 6 20 8 16 16 18 9 6 4 8 19 13 21 19 14 0 16 2 16 8 6 11 9 18 7 4 0 7 8 13 11 5 14 19 12 7 12 6 9 5 13 20 5 8 16 10 0 9 7 4 13 6 5 18 7 17 6 7 11 2 13 11 6 0 17 17 15 12 7 4 0 4 16 16 13 19 4 18 12 12 8 11 7 17 8 9 11 17 19 9 16 2 11 19 17 11 21 11 20 1 9 1 13 17 10 12 18 11 11 7 5 16 15 18 7 0 17 10 0 8 11 2 15 13 13 13 0 10 2 5 18 5 4 1 21 1 20 19 14 4 2 0 10 4 10 5 21 2 6 12 8 11 10 0 21 2 21 6 4 7 12 7 15 10 19 
Time cost: 4.319691181182861s

Result: 28343
Status of facilities: 1 0 1 1 1 1 1 1 1 0 1 1 1 1 1 1 1 0 0 1 0 0 1 0 1 0 1 0 1 0 
The assignment of customers to facilities: 7 19 2 22 2 12 15 28 22 28 4 28 13 13 28 7 3 10 22 0 11 16 5 24 10 11 24 19 4 2 19 19 4 16 28 6 8 8 24 16 7 8 6 4 8 19 13 2 19 14 24 16 24 16 8 6 11 8 22 7 4 0 7 8 13 11 5 14 28 12 7 12 19 26 5 13 10 5 8 16 10 0 26 11 4 13 6 5 24 7 28 6 7 11 2 3 11 6 0 28 28 15 12 7 4 0 4 24 22 3 19 4 22 12 12 8 28 7 14 8 26 11 28 19 26 16 2 11 26 0 28 24 11 10 5 8 3 3 28 10 12 22 11 11 7 5 24 15 22 12 24 0 10 0 8 11 2 15 3 13 13 0 10 24 5 0 5 4 3 15 5 8 19 14 26 2 0 10 4 10 5 15 2 19 12 8 28 10 0 2 2 2 6 4 7 12 7 15 10 19 
Time cost: 4.380603790283203s

Result: 29833
Status of facilities: 1 0 1 1 1 1 1 1 1 1 1 1 1 1 1 1 1 0 0 1 0 1 0 1 0 1 0 0 1 0 
The assignment of customers to facilities: 7 19 21 16 2 12 15 28 16 28 4 28 13 13 28 7 3 10 16 0 11 16 5 0 10 11 0 19 4 2 19 19 4 16 28 6 8 8 16 15 7 9 6 4 8 19 13 21 19 14 0 16 2 16 8 6 11 9 7 25 4 2 7 8 13 11 5 14 19 25 7 12 6 9 23 23 10 23 8 16 10 0 9 25 4 13 6 5 0 7 28 6 25 25 2 3 11 6 0 28 28 15 25 7 4 0 4 16 16 3 19 4 11 12 12 8 28 7 14 8 9 11 28 19 9 16 2 11 19 0 28 21 25 10 23 9 3 3 28 10 12 16 11 11 25 5 16 15 28 25 0 14 23 0 8 11 2 15 3 13 13 0 10 2 5 28 5 4 3 21 5 8 19 14 4 2 0 10 4 10 5 21 21 19 12 8 11 23 0 21 2 21 6 4 7 12 7 15 10 19 
Time cost: 4.3757593631744385s

Result: 29006
Status of facilities: 1 0 1 1 1 1 1 1 1 1 1 1 1 0 1 1 1 1 1 0 1 0 0 0 0 0 1 1 0 0 
The assignment of customers to facilities: 18 6 2 27 2 12 15 27 18 17 4 17 10 3 6 18 3 20 27 0 18 16 5 0 10 18 27 14 4 2 6 26 4 16 27 6 20 8 16 16 18 9 6 4 8 26 3 2 14 14 0 16 2 16 8 6 11 9 18 7 4 0 7 8 3 11 5 14 6 12 18 12 6 9 5 10 20 5 8 16 10 0 9 7 4 10 6 5 27 7 17 6 7 11 0 3 11 6 0 17 17 15 12 18 4 0 4 16 27 3 14 4 27 12 12 8 17 7 17 8 26 11 17 6 26 16 2 11 26 17 11 16 11 20 5 9 3 3 17 10 12 27 11 11 11 5 16 15 27 7 0 17 5 0 8 11 2 15 3 3 3 27 10 2 5 27 5 4 3 15 5 20 14 14 26 2 0 10 4 10 5 15 2 6 12 8 11 10 0 16 2 2 6 4 7 12 7 15 10 6 
Time cost: 4.352787494659424s

Result: 29402
Status of facilities: 1 0 1 1 1 1 1 1 1 1 1 1 1 1 1 1 1 0 1 0 0 0 1 0 0 0 1 0 0 0 
The assignment of customers to facilities: 18 6 2 22 2 12 15 18 22 11 4 14 13 13 6 18 3 10 22 0 18 16 5 2 10 18 22 14 4 2 6 26 4 16 18 6 8 8 16 15 18 9 6 4 8 26 13 16 14 14 2 16 0 16 8 6 11 9 18 7 4 2 7 8 13 11 5 14 6 12 7 12 6 9 5 13 10 5 8 16 10 0 9 7 4 13 6 5 22 7 0 6 7 11 5 3 11 6 0 11 14 15 12 18 4 0 4 16 22 3 14 4 18 12 11 8 12 7 14 8 26 11 0 6 26 16 2 12 26 0 11 16 11 10 5 9 3 3 11 10 12 22 11 11 7 5 16 15 18 7 16 0 10 0 8 11 2 15 3 13 13 18 10 2 5 22 5 4 3 15 5 8 14 14 26 2 0 10 4 10 5 15 2 6 12 8 11 10 0 16 2 16 6 4 7 12 7 15 10 6 
Time cost: 4.394577980041504s

