Begin: 97436

Result: 42740
Status of facilities: 1 0 1 1 1 1 1 1 1 1 1 1 1 1 1 1 1 1 0 0 0 0 0 0 1 0 0 1 1 0 
The assignment of customers to facilities: 7 6 2 27 2 12 15 27 27 28 4 28 13 13 28 7 3 10 24 0 11 16 5 24 10 27 27 14 4 2 6 4 4 16 27 6 8 8 24 16 7 9 6 4 8 4 13 2 14 14 24 16 24 16 8 6 11 9 27 7 4 0 7 8 13 11 5 14 28 12 7 12 6 9 5 13 10 5 8 16 10 0 9 11 4 13 6 5 27 7 28 6 7 11 2 3 11 6 0 28 28 15 12 7 6 0 4 24 16 3 14 4 27 12 12 8 28 7 17 8 9 11 17 6 9 16 2 11 14 17 28 24 11 10 5 9 3 3 28 10 12 27 11 11 7 5 24 15 27 11 24 17 10 0 8 11 2 15 3 13 13 27 10 24 5 27 5 4 3 15 5 8 28 14 9 2 0 10 4 10 5 15 2 6 12 8 28 10 0 2 2 2 6 6 7 12 7 15 10 6 
Time cost: 4.454270362854004s

Result: 42477
Status of facilities: 1 0 1 1 1 1 1 1 1 1 1 1 1 1 1 1 1 0 1 0 0 0 0 0 1 0 0 1 1 0 
The assignment of customers to facilities: 18 6 2 27 2 12 15 27 18 28 4 28 13 13 28 18 3 10 27 0 18 16 5 24 10 18 27 14 4 2 6 6 4 16 27 6 8 8 24 15 18 9 6 4 8 4 13 2 14 14 24 16 24 16 8 12 11 9 18 7 4 0 7 8 13 11 5 14 28 12 18 12 6 9 5 13 10 5 8 16 10 0 9 7 4 13 6 5 27 7 28 6 7 11 2 3 11 12 0 28 28 15 11 18 4 0 4 24 27 3 14 4 27 12 12 8 28 7 14 8 9 11 28 6 9 16 2 11 4 0 28 24 11 10 5 9 3 3 28 10 12 27 11 11 11 5 24 15 27 7 24 0 10 0 8 11 2 15 3 13 13 27 10 24 5 27 5 6 3 15 5 8 28 14 4 2 0 10 6 10 5 15 2 6 12 8 28 10 0 24 2 2 6 4 7 12 7 15 10 6 
Time cost: 4.514800548553467s

Result: 41876
Status of facilities: 1 1 1 0 1 0 1 1 1 1 1 1 1 1 1 0 1 1 1 0 0 1 0 0 0 0 0 1 1 0 
The assignment of customers to facilities: 18 6 21 27 2 12 21 27 18 28 4 28 13 1 28 18 1 10 27 0 18 16 2 0 10 18 27 14 4 2 6 4 4 16 27 6 8 8 16 16 18 9 6 4 8 6 13 21 14 14 0 16 21 16 8 6 11 9 18 7 4 0 7 8 13 11 2 14 28 12 18 12 6 9 13 13 10 10 8 16 10 0 9 7 4 13 6 2 27 7 28 6 7 11 0 13 11 6 0 28 28 21 12 18 4 0 4 27 27 13 14 4 27 12 12 8 28 7 17 8 9 11 17 6 9 16 2 11 14 17 28 16 11 10 1 9 1 13 28 14 12 27 11 11 11 2 16 21 18 7 0 17 10 0 8 11 2 16 13 13 13 27 10 2 10 27 1 4 1 21 1 8 28 14 9 2 0 10 4 14 2 21 21 6 12 8 28 10 0 21 2 21 6 4 7 12 7 21 10 6 
Time cost: 4.5419957637786865s

Result: 41321
Status of facilities: 1 0 1 1 1 1 1 1 1 1 1 1 1 1 1 1 1 0 0 1 0 0 0 0 0 0 0 1 1 0 
The assignment of customers to facilities: 7 19 2 27 2 12 15 27 27 28 4 28 13 13 28 11 3 10 16 0 11 16 5 0 10 27 27 19 4 2 19 19 4 16 27 6 8 8 16 16 7 9 6 4 8 19 13 16 19 14 0 16 16 16 8 6 11 9 7 7 4 0 7 8 13 11 5 14 28 12 7 12 19 9 5 13 10 5 8 16 10 0 9 7 4 13 6 5 27 7 28 6 11 11 2 3 11 6 0 28 28 15 12 7 4 0 4 16 27 3 19 4 27 12 12 8 28 7 14 8 9 11 28 19 9 16 2 11 19 0 28 16 12 10 5 9 3 3 28 10 12 27 11 11 11 5 16 15 27 11 0 28 10 0 8 11 2 15 3 13 13 27 10 2 5 27 5 4 3 15 5 8 19 14 4 2 0 10 4 10 5 15 2 19 12 8 28 10 0 2 2 2 6 4 7 12 7 15 10 19 
Time cost: 4.627862215042114s

Result: 44029
Status of facilities: 1 0 1 1 1 1 1 1 1 1 1 1 1 1 1 1 1 0 0 0 1 1 1 0 1 0 0 0 0 0 
The assignment of customers to facilities: 7 6 21 22 2 6 15 24 22 0 4 14 13 13 6 11 3 20 22 24 22 16 5 24 10 22 24 14 4 2 6 4 4 16 24 6 20 8 24 16 7 9 6 4 8 14 13 21 14 14 24 16 2 16 8 6 11 9 22 7 4 0 7 8 13 12 5 14 6 12 7 12 6 9 5 13 20 5 8 16 10 5 9 7 4 13 6 5 24 7 0 6 11 11 2 3 11 6 0 11 10 15 12 7 4 0 4 24 22 3 14 4 22 12 12 8 12 7 14 8 9 11 0 14 9 16 2 11 9 14 11 24 11 20 5 9 3 3 11 10 12 22 11 11 12 5 16 15 22 7 24 0 10 0 8 11 2 15 3 13 13 24 10 24 5 0 5 4 3 21 5 20 14 14 9 2 0 10 4 10 5 21 2 6 12 8 11 10 0 21 2 21 6 4 7 12 7 21 10 6 
Time cost: 4.6247241497039795s

Result: 42873
Status of facilities: 1 0 1 1 1 1 1 1 1 1 1 1 1 1 1 1 1 1 1 0 0 0 0 0 0 0 1 0 0 0 
The assignment of customers to facilities: 18 6 2 18 5 12 15 17 18 17 4 17 13 13 6 18 3 10 16 0 11 16 5 2 10 18 18 14 4 2 6 26 4 16 0 6 8 8 16 16 18 9 6 4 8 26 13 16 14 14 0 16 2 16 8 6 11 9 18 7 4 0 7 8 13 11 5 14 6 12 7 12 6 9 5 13 10 5 8 16 10 0 9 7 4 13 6 2 18 7 17 6 7 11 0 3 11 6 0 17 17 15 12 18 4 0 4 16 16 3 14 4 18 12 12 8 11 7 17 8 26 11 17 6 26 16 2 11 26 17 11 16 11 10 5 9 3 3 17 10 12 18 12 11 7 5 16 15 18 7 0 17 10 0 8 11 2 15 3 13 13 17 10 2 5 0 5 4 3 15 5 8 14 14 26 0 17 10 4 10 5 15 2 6 12 8 11 10 0 2 2 2 6 4 7 12 7 15 10 6 
Time cost: 4.554155588150024s

Result: 41669
Status of facilities: 1 0 1 0 1 1 1 1 1 1 1 1 1 1 1 0 1 1 0 0 0 1 0 0 1 0 0 1 1 0 
The assignment of customers to facilities: 7 6 21 27 2 12 21 27 24 28 6 28 13 13 28 11 13 10 16 0 27 16 5 24 10 11 27 14 4 2 6 6 4 16 27 6 8 8 24 16 7 9 6 9 8 4 13 21 14 14 24 16 24 16 8 6 11 9 27 7 4 0 7 8 13 11 5 14 28 12 7 12 6 9 5 10 10 5 8 16 10 0 9 7 4 13 6 5 27 7 28 6 7 11 2 13 11 6 0 28 28 21 12 7 4 0 4 24 16 13 14 4 27 12 12 8 28 7 17 8 9 11 17 6 9 16 2 11 4 17 28 24 11 10 5 9 13 13 28 10 12 27 11 11 11 5 24 21 27 11 24 17 5 0 8 11 2 16 13 13 13 27 10 24 5 27 5 4 13 21 5 8 28 14 9 2 0 10 4 10 5 21 2 6 12 8 28 10 0 21 2 21 6 4 7 12 7 21 10 14 
Time cost: 4.4228293895721436s

Result: 41543
Status of facilities: 1 0 1 0 1 1 1 1 1 1 1 1 1 1 1 1 1 1 0 0 0 0 1 0 0 1 0 0 0 0 
The assignment of customers to facilities: 7 6 2 22 15 12 15 0 22 17 4 17 13 13 6 7 13 10 22 0 11 16 5 0 10 11 22 14 4 2 6 4 4 16 0 6 8 8 16 16 7 9 6 4 8 14 13 2 14 14 0 16 2 16 8 6 11 9 22 25 4 0 7 8 13 11 5 14 17 25 7 12 6 9 5 10 10 5 8 16 10 0 9 25 6 10 6 5 22 7 17 6 25 25 0 13 11 6 0 17 17 15 25 7 4 0 4 16 22 13 14 4 22 12 12 8 11 7 17 8 9 11 17 6 9 16 2 11 14 17 11 16 25 10 5 9 13 13 17 14 12 22 11 11 25 5 16 15 22 25 2 17 10 0 8 11 2 15 13 13 13 0 13 2 5 22 5 4 13 15 5 8 14 14 4 2 0 10 4 10 5 15 2 6 12 8 11 10 0 16 2 2 6 4 7 12 7 15 10 6 
Time cost: 4.429024696350098s

Result: 43830
Status of facilities: 1 1 1 0 1 1 1 1 1 1 1 1 1 1 1 1 1 1 0 0 1 0 0 0 0 0 1 1 0 0 
The assignment of customers to facilities: 7 6 2 16 2 12 15 27 27 17 4 17 13 1 6 7 1 20 16 0 27 16 5 0 10 27 27 14 4 2 6 26 4 16 27 6 20 8 16 15 7 9 6 4 8 26 13 15 14 14 0 16 2 16 8 6 11 9 27 7 4 0 7 8 13 11 5 14 6 12 7 12 6 9 5 13 20 5 8 16 10 0 9 11 4 13 6 5 27 7 17 6 11 11 2 13 11 6 0 17 17 15 12 7 4 0 4 16 16 13 14 4 27 12 12 8 11 7 17 8 26 11 17 6 26 16 2 11 26 17 11 16 11 20 1 9 1 13 17 10 12 27 12 11 11 5 16 15 27 7 27 17 10 0 8 11 2 15 13 13 13 0 10 2 5 0 5 4 1 15 1 20 14 14 26 2 0 10 4 10 5 15 2 6 12 8 17 10 0 16 2 2 6 4 7 12 7 15 10 6 
Time cost: 4.3807213306427s

Result: 42773
Status of facilities: 1 0 1 1 1 1 1 1 1 1 1 1 1 1 1 1 1 0 1 0 0 0 0 1 1 0 0 0 0 0 
The assignment of customers to facilities: 18 6 2 24 2 12 15 0 18 0 4 14 13 13 6 18 3 10 16 0 18 16 5 24 10 18 24 14 4 2 6 4 4 16 18 6 8 8 24 16 18 9 6 4 8 14 13 16 14 14 24 16 2 16 8 6 11 9 18 7 4 0 7 8 13 11 5 14 12 12 7 12 6 9 23 23 10 23 8 16 10 0 9 7 4 13 4 5 24 7 0 6 7 11 2 3 11 6 0 11 6 15 11 18 6 0 4 16 16 3 14 4 18 12 12 8 11 7 14 8 9 11 0 6 9 16 2 12 4 0 11 24 11 10 23 9 3 3 11 10 12 24 11 11 7 5 24 15 18 7 24 14 23 0 8 11 2 15 3 13 13 24 10 24 5 18 5 4 3 15 5 8 14 14 9 2 0 10 9 10 5 15 2 6 12 8 11 23 0 2 2 2 6 4 7 12 7 15 10 14 
Time cost: 4.437593936920166s

Result: 41031
Status of facilities: 1 0 1 1 1 1 1 1 1 1 1 1 1 1 1 0 1 0 0 0 0 0 1 0 1 0 0 1 1 0 
The assignment of customers to facilities: 7 6 2 27 2 12 2 27 22 28 4 28 13 13 28 7 3 10 22 0 27 16 5 24 10 27 27 14 4 2 6 6 4 16 27 6 8 8 24 16 7 9 6 4 8 6 13 16 14 14 24 16 24 16 8 12 11 9 22 7 4 0 7 8 13 11 5 14 28 12 7 12 6 9 5 13 10 5 8 16 10 0 9 11 4 13 6 5 27 7 28 6 7 11 2 3 11 6 0 28 28 16 12 7 4 0 4 24 22 3 14 4 27 12 12 8 28 7 14 8 9 11 28 6 9 16 2 11 14 0 28 24 11 10 5 9 3 3 28 10 12 22 11 11 11 5 24 16 27 11 24 0 10 0 8 11 2 16 3 13 13 27 10 24 5 27 5 4 3 2 5 8 28 14 4 2 0 10 4 10 5 16 2 6 12 8 28 10 0 2 2 16 6 4 7 12 7 2 10 6 
Time cost: 4.381373643875122s

Result: 41747
Status of facilities: 1 0 1 1 1 1 1 1 1 1 1 1 1 1 1 1 1 0 0 0 0 0 0 1 0 0 0 1 1 0 
The assignment of customers to facilities: 7 6 2 27 2 12 15 27 16 28 4 28 13 13 28 11 3 10 16 0 27 16 5 0 10 27 27 14 4 5 6 4 4 16 27 6 8 8 16 15 7 9 6 4 8 6 13 2 14 14 0 16 2 16 8 6 11 9 7 7 4 0 7 8 13 11 5 14 28 12 7 12 6 9 23 23 10 23 8 16 10 0 9 7 4 13 6 5 0 7 28 6 11 11 2 3 11 6 0 28 28 15 12 7 4 0 4 16 16 3 14 4 27 12 12 8 28 7 14 8 9 11 28 6 9 16 2 11 14 0 28 16 11 10 23 9 3 3 28 10 12 27 11 11 11 5 16 15 27 11 27 0 23 0 8 11 2 15 3 13 13 27 10 2 5 27 5 4 3 15 5 8 28 14 9 2 0 10 4 10 5 15 2 6 12 8 28 23 0 16 2 2 6 4 7 12 7 15 10 6 
Time cost: 4.4507060050964355s

Result: 43937
Status of facilities: 1 0 1 1 1 1 1 1 1 0 1 1 1 1 1 1 1 1 0 0 1 0 0 1 0 0 1 1 0 0 
The assignment of customers to facilities: 7 6 2 27 2 12 15 27 27 17 4 17 13 13 6 11 3 20 16 0 7 16 5 0 10 11 27 14 4 2 6 26 4 16 27 6 20 8 16 16 7 8 6 4 8 26 13 2 14 14 0 16 2 16 8 6 11 8 27 7 4 0 7 8 13 11 5 14 6 6 27 12 6 8 23 23 20 23 8 16 10 0 26 7 4 13 6 5 27 7 17 6 7 11 5 3 17 12 0 17 17 15 12 7 4 0 4 16 16 3 14 4 27 12 12 8 17 7 17 8 26 11 17 6 26 16 2 11 26 17 11 16 11 20 23 8 3 3 17 10 12 16 11 11 12 5 16 15 27 11 0 17 23 0 8 11 2 15 3 13 13 27 10 0 5 27 5 4 3 15 5 20 14 14 26 2 0 10 4 10 5 15 2 6 12 8 11 23 0 2 2 2 6 4 7 12 7 15 10 14 
Time cost: 4.39876914024353s

Result: 42420
Status of facilities: 1 0 1 1 1 1 1 1 1 0 1 1 1 1 1 1 1 1 0 1 1 0 0 0 0 0 0 1 0 0 
The assignment of customers to facilities: 7 19 2 27 2 12 15 27 27 17 4 17 13 13 19 11 3 20 16 0 27 16 5 0 10 27 27 14 4 2 19 19 4 16 27 6 20 8 16 16 7 8 6 4 8 19 13 16 19 14 0 16 2 16 8 6 11 8 27 7 4 0 7 8 13 11 5 14 19 12 7 12 19 8 5 13 20 5 8 16 10 0 8 7 4 13 6 5 27 7 17 6 7 11 0 3 11 6 0 17 17 15 12 7 4 0 4 27 16 3 14 4 0 12 12 8 11 7 17 8 14 11 17 19 4 16 2 11 19 17 11 16 11 20 5 8 3 3 17 10 12 27 6 11 11 5 16 15 11 12 27 17 10 0 8 11 2 15 3 13 13 0 10 2 5 27 5 4 3 15 5 20 19 14 19 2 0 10 4 10 5 15 2 6 12 8 6 10 0 2 2 16 6 4 7 12 7 15 10 19 
Time cost: 4.448673725128174s

Result: 43031
Status of facilities: 1 0 1 1 1 1 1 1 1 0 1 1 1 1 1 1 1 1 0 1 0 0 0 0 0 0 1 0 1 0 
The assignment of customers to facilities: 7 19 2 16 15 12 15 28 16 28 4 28 13 13 28 7 3 10 16 0 11 16 5 0 10 11 2 19 4 2 19 19 4 16 28 6 8 8 16 15 7 8 6 4 8 19 13 2 19 14 0 16 2 16 8 6 11 8 7 7 4 0 7 8 13 11 5 14 19 12 11 12 6 8 5 13 10 5 8 16 10 0 26 11 4 13 6 5 0 7 28 6 7 7 2 3 28 6 0 28 17 15 12 7 4 0 4 16 16 3 19 4 0 12 12 8 28 7 17 8 26 11 17 19 26 16 2 11 26 17 28 16 11 10 5 26 3 3 28 10 12 16 11 11 7 5 16 15 11 12 2 17 10 0 8 28 2 15 3 13 13 17 10 0 5 28 5 4 3 15 5 8 19 14 26 2 0 10 4 10 5 15 15 19 12 8 28 10 0 2 2 15 6 4 7 12 7 15 10 19 
Time cost: 4.457009553909302s

Result: 42483
Status of facilities: 1 0 1 1 1 1 1 1 1 1 1 1 1 1 1 1 1 0 0 0 0 0 1 0 1 1 0 1 0 0 
The assignment of customers to facilities: 7 6 2 27 2 12 15 27 22 27 4 14 13 13 6 7 3 10 22 0 27 16 5 24 10 27 27 14 4 2 6 6 4 16 27 6 8 8 24 16 7 9 6 4 8 6 13 2 14 14 24 16 24 16 8 12 11 9 22 7 4 0 7 8 13 11 5 14 6 25 7 12 6 9 5 13 10 5 8 16 10 0 9 25 4 13 6 5 27 7 11 6 25 25 2 3 11 12 0 11 14 15 25 7 4 0 4 24 22 3 14 4 27 12 12 8 11 7 14 8 9 11 0 6 9 16 2 11 14 0 11 24 25 10 5 9 3 3 11 10 12 22 11 11 25 5 24 15 27 25 24 0 10 0 8 11 2 15 3 13 13 27 10 24 5 27 5 4 3 15 5 8 14 14 4 2 0 10 4 10 5 15 2 6 12 8 11 10 0 24 2 2 6 4 7 12 7 15 10 14 
Time cost: 4.40171480178833s

Result: 42749
Status of facilities: 1 0 1 1 1 1 1 1 1 1 1 1 1 1 1 1 1 1 1 0 0 0 0 0 0 1 0 0 0 0 
The assignment of customers to facilities: 7 6 2 18 2 12 15 17 16 17 4 17 13 13 6 18 3 10 16 0 18 16 5 16 10 18 18 14 4 2 6 6 4 16 18 6 8 8 16 15 18 9 6 4 8 14 13 2 14 14 0 16 2 16 8 6 11 9 18 7 4 0 7 8 13 11 5 14 17 25 18 12 6 9 5 13 10 5 8 16 10 0 9 25 4 13 6 5 18 7 17 6 25 25 0 3 11 6 17 17 17 15 25 18 4 0 4 16 16 3 14 4 11 12 12 8 11 7 17 8 9 11 17 6 9 16 5 11 14 17 11 16 25 10 13 9 3 3 17 10 12 18 11 11 25 5 16 15 18 25 0 17 10 0 8 11 2 15 3 13 13 0 10 2 5 0 5 4 3 15 5 8 14 14 4 2 0 10 4 10 5 15 2 6 12 8 11 10 0 2 2 2 6 4 7 12 7 15 10 6 
Time cost: 4.422817707061768s

Result: 44747
Status of facilities: 1 0 1 1 1 1 1 1 1 0 1 1 1 1 1 1 1 1 0 0 1 0 0 1 0 0 1 0 0 0 
The assignment of customers to facilities: 7 6 2 16 5 12 15 0 16 17 4 17 13 13 6 7 3 20 16 0 0 16 5 2 10 11 0 14 4 5 6 26 4 16 17 6 20 8 2 15 7 8 6 4 8 26 13 15 14 14 0 16 2 16 8 6 11 8 11 7 4 17 7 8 13 11 5 14 6 12 7 6 6 8 23 23 20 23 8 16 10 0 26 7 4 13 6 5 0 7 17 6 7 11 2 3 17 6 17 17 14 15 12 7 4 0 4 16 16 3 14 4 11 12 12 8 17 7 14 8 26 12 14 26 26 16 2 12 26 14 11 2 11 20 23 8 3 3 17 10 12 16 11 11 12 5 16 15 0 7 17 17 23 17 8 11 2 15 3 13 13 0 10 2 5 0 5 4 3 15 5 20 14 14 26 2 0 10 4 10 5 15 16 6 12 8 11 23 0 2 2 16 6 4 11 12 7 15 10 6 
Time cost: 4.442038059234619s

Result: 43448
Status of facilities: 1 0 1 1 1 1 1 1 1 1 1 1 1 1 1 1 1 0 1 0 1 0 0 0 0 1 0 0 0 0 
The assignment of customers to facilities: 18 6 2 18 5 12 15 11 18 11 4 14 13 13 6 18 3 20 16 0 18 16 5 0 10 18 0 14 4 5 6 4 4 16 18 6 20 8 16 15 18 9 6 4 8 6 13 2 14 14 0 16 2 16 8 6 11 9 18 25 4 0 7 8 13 11 5 14 6 25 7 12 6 9 5 13 20 5 8 16 10 0 9 25 9 13 6 5 18 7 6 6 25 25 2 3 11 12 0 11 14 15 25 7 4 2 4 16 16 3 14 4 18 12 12 8 11 7 14 8 9 11 0 14 9 16 2 11 4 0 11 16 25 20 13 9 3 3 11 10 12 18 11 25 25 5 16 15 18 25 16 14 10 2 8 11 2 15 3 13 13 0 10 2 5 0 5 4 3 15 5 20 14 14 9 2 0 10 4 10 5 15 15 6 12 8 11 10 0 2 2 16 6 4 7 12 7 15 10 6 
Time cost: 4.441837787628174s

Result: 41604
Status of facilities: 1 0 1 1 1 1 1 1 1 1 1 1 1 1 1 0 1 0 0 1 0 1 0 0 1 0 0 1 0 0 
The assignment of customers to facilities: 7 19 21 27 2 12 21 27 24 27 4 19 13 13 19 7 3 10 16 0 27 16 5 24 10 27 27 14 4 2 19 19 4 16 27 6 8 8 24 16 7 9 6 4 8 19 13 21 19 14 24 16 24 16 8 6 11 9 27 7 4 0 7 8 13 11 5 14 6 12 7 12 6 9 5 13 10 5 8 16 10 0 9 7 4 13 6 5 27 11 19 6 7 11 2 3 11 6 0 11 19 21 12 7 4 0 4 24 16 3 19 4 27 6 12 8 11 7 14 8 9 11 0 19 9 16 2 12 19 0 11 24 11 10 5 9 3 3 11 10 12 27 11 11 11 5 24 21 27 7 24 0 10 0 8 11 2 16 3 13 13 0 10 24 5 27 5 4 3 21 5 8 19 14 4 2 0 10 4 10 5 21 2 6 12 8 12 10 0 21 2 21 6 4 7 12 7 21 10 19 
Time cost: 4.581886291503906s

Result: 43906
Status of facilities: 1 0 1 1 1 1 1 1 1 1 1 1 1 1 1 1 1 1 0 1 0 0 0 1 0 0 0 0 0 0 
The assignment of customers to facilities: 7 19 2 16 2 12 15 17 16 17 4 17 13 13 19 7 3 10 16 0 7 16 5 0 10 11 16 14 4 2 19 19 4 16 0 6 8 8 15 15 7 9 6 4 8 19 13 2 19 14 0 16 2 16 8 6 11 9 7 7 4 17 7 8 13 11 5 14 19 12 11 12 19 9 23 23 10 23 8 16 10 0 9 11 4 13 6 5 0 7 0 6 7 11 2 3 11 6 17 17 14 15 12 7 4 0 4 16 16 3 19 4 11 12 12 8 17 7 17 8 9 11 17 19 9 16 5 11 19 17 11 16 11 10 23 9 3 3 17 10 12 16 6 11 11 5 0 15 0 12 16 17 23 0 8 6 2 15 3 13 13 17 10 2 5 0 5 4 3 15 5 8 19 14 4 2 2 10 4 10 5 15 15 19 12 8 6 23 0 2 2 15 6 4 7 12 7 15 10 19 
Time cost: 4.622156381607056s

Result: 43211
Status of facilities: 1 0 1 1 1 1 1 1 1 0 1 1 1 1 1 1 1 1 0 0 1 0 0 0 1 0 1 0 0 0 
The assignment of customers to facilities: 7 6 2 24 2 12 15 0 24 17 4 17 13 13 6 7 3 20 16 0 11 16 5 24 10 11 24 14 4 2 6 26 4 16 0 6 20 8 24 16 7 8 6 4 8 26 13 16 14 14 24 16 2 16 8 6 11 8 7 7 4 0 7 8 13 11 5 14 17 12 7 12 6 8 5 13 20 5 8 16 10 0 26 12 4 13 6 5 24 7 17 6 7 11 2 3 11 6 0 11 17 15 12 7 4 0 4 16 16 3 14 4 24 12 11 8 11 11 17 8 26 11 17 6 26 16 2 11 26 17 11 24 11 20 5 8 3 3 17 10 12 16 17 11 11 5 16 15 24 12 24 17 10 0 8 12 2 15 3 13 13 0 10 24 5 0 5 4 3 15 5 20 14 14 26 2 0 10 4 10 5 15 2 6 12 8 17 10 0 2 2 2 6 4 7 6 7 15 10 6 
Time cost: 4.626478433609009s

Result: 42014
Status of facilities: 1 1 1 0 1 1 1 1 1 1 1 1 1 1 1 1 1 1 1 0 0 0 0 0 0 0 0 1 0 0 
The assignment of customers to facilities: 18 6 2 27 2 12 15 27 18 17 4 17 13 1 6 18 1 10 16 27 18 16 5 0 10 18 27 14 4 2 6 6 4 16 27 6 8 8 16 16 18 9 6 4 8 14 13 2 14 14 0 16 2 16 8 6 11 9 18 7 4 0 7 8 13 11 5 14 17 12 18 12 6 9 5 13 10 5 8 16 10 0 9 7 4 13 6 5 27 7 17 6 7 11 0 13 11 6 0 17 17 15 12 18 4 0 4 27 27 13 14 4 27 12 12 8 11 7 17 8 9 11 17 6 9 16 2 11 14 17 11 16 11 10 1 9 1 13 17 10 12 27 11 11 7 5 16 15 27 7 0 17 10 0 8 11 2 15 13 13 13 27 10 0 5 27 5 4 1 15 1 8 14 14 4 2 0 10 4 10 5 15 2 6 12 8 11 10 0 2 2 2 6 4 7 12 7 15 10 6 
Time cost: 4.616077184677124s

Result: 41841
Status of facilities: 1 0 1 1 1 1 1 1 1 1 1 1 1 1 1 0 1 1 0 0 0 1 0 0 0 0 0 0 1 0 
The assignment of customers to facilities: 7 6 21 16 2 12 21 28 16 28 4 28 13 13 28 7 3 10 16 0 11 16 5 2 10 11 0 14 4 2 6 14 4 16 28 6 8 8 16 16 7 9 6 4 8 4 13 21 14 14 0 16 2 16 8 6 11 9 7 7 4 0 7 8 13 12 5 14 28 12 7 12 6 9 5 13 10 5 8 16 10 17 9 12 4 13 6 5 0 7 28 6 7 11 2 3 11 6 0 28 28 21 12 11 4 0 4 21 16 3 14 4 28 12 12 8 28 7 17 8 9 11 17 6 9 16 2 11 4 17 28 21 11 10 5 9 3 3 28 10 12 16 11 11 11 5 16 21 0 7 0 17 10 0 8 11 2 16 3 13 13 0 10 2 5 17 5 6 3 21 5 8 14 14 9 2 0 10 4 10 5 21 2 6 12 8 28 10 17 21 2 21 6 4 7 12 7 21 10 6 
Time cost: 4.578289031982422s

Result: 43918
Status of facilities: 1 0 1 1 1 1 1 1 1 1 1 1 1 1 1 1 1 0 0 1 1 0 0 0 0 1 0 0 0 0 
The assignment of customers to facilities: 7 19 2 16 2 12 15 11 16 0 4 19 13 13 19 7 3 20 16 0 11 16 5 0 10 11 2 14 4 2 19 19 4 16 0 6 20 8 2 15 7 9 6 4 8 19 13 16 19 14 0 16 16 16 8 6 11 9 7 25 4 0 7 8 13 11 5 14 19 25 7 12 6 9 10 13 20 10 8 16 10 0 9 25 4 13 6 5 0 7 11 6 25 25 2 3 11 6 0 11 19 15 25 7 4 0 4 16 16 3 19 4 11 12 12 8 6 7 14 8 9 11 14 19 9 16 5 12 14 14 11 16 25 20 5 9 3 3 19 10 12 16 12 11 25 5 2 15 25 25 15 14 10 0 8 11 5 15 3 13 13 0 10 2 5 11 5 4 3 15 5 20 19 14 4 2 5 10 4 10 5 15 0 19 12 8 12 10 0 2 2 2 6 4 7 12 7 15 10 19 
Time cost: 4.4277074337005615s

Result: 43169
Status of facilities: 1 0 1 1 1 1 1 1 1 1 1 1 1 1 1 1 1 0 0 1 0 0 0 1 0 0 0 0 1 0 
The assignment of customers to facilities: 11 19 2 16 5 12 15 0 16 28 4 28 13 13 28 7 3 10 16 0 28 16 5 0 10 11 16 19 4 2 19 19 4 16 28 6 8 8 2 15 7 9 6 4 8 19 13 2 19 14 0 16 2 15 8 6 11 9 7 7 4 0 7 8 13 11 5 14 19 12 7 12 6 9 23 23 10 23 8 16 10 5 9 11 4 13 6 5 0 7 28 6 7 11 2 3 28 6 0 28 28 15 12 7 4 2 4 16 16 3 19 4 11 12 12 8 28 7 14 8 9 11 28 19 9 16 2 11 19 14 28 16 11 10 23 9 3 3 28 10 12 16 6 11 11 5 16 15 0 7 0 14 23 0 8 12 2 15 3 13 13 0 10 5 5 11 5 4 3 15 5 8 19 14 4 2 0 10 4 10 5 15 2 19 12 8 28 23 0 16 2 15 6 4 7 12 7 15 10 19 
Time cost: 4.426170587539673s

Result: 42599
Status of facilities: 1 0 1 1 1 1 1 1 1 1 1 1 1 1 0 1 1 0 0 1 0 1 0 0 1 1 0 0 0 0 
The assignment of customers to facilities: 7 19 21 24 21 12 15 0 16 11 4 19 13 13 19 7 3 10 16 0 7 16 5 21 10 11 24 19 4 2 19 19 4 16 11 6 8 8 24 16 7 9 6 4 8 19 13 21 19 9 24 16 2 16 8 6 11 9 7 25 4 2 7 8 13 11 5 19 6 25 7 12 6 9 5 13 10 5 8 16 10 0 9 25 4 13 6 5 24 7 11 6 25 25 2 3 11 6 0 11 19 15 25 7 4 0 4 24 16 3 6 4 24 12 12 8 6 25 0 8 9 11 0 6 9 16 2 11 19 0 11 21 25 10 5 9 3 3 11 10 12 16 12 11 25 5 24 15 24 25 24 0 10 0 8 11 2 15 3 13 13 0 13 2 5 24 5 4 3 21 5 8 19 10 4 2 0 10 4 10 5 21 2 19 12 8 11 10 0 21 2 21 6 4 7 12 7 15 10 19 
Time cost: 4.424987554550171s

Result: 42446
Status of facilities: 1 0 1 1 1 1 1 1 1 1 1 1 1 1 1 1 1 0 0 0 0 1 1 0 0 0 0 1 0 0 
The assignment of customers to facilities: 22 6 21 27 2 12 15 27 22 27 4 14 13 13 6 7 3 10 22 0 27 16 5 2 10 27 27 14 4 2 6 14 4 16 27 6 8 8 16 16 7 9 6 4 8 4 13 21 14 14 27 16 21 16 8 6 11 9 22 7 4 0 7 8 13 11 5 14 11 12 7 12 6 9 5 13 10 5 8 16 10 0 9 7 6 13 4 5 27 7 0 6 11 11 2 3 11 6 0 6 14 15 12 7 4 0 4 16 22 3 14 4 27 12 12 8 11 7 14 8 9 11 0 6 9 16 2 11 14 0 11 21 11 10 5 9 3 3 27 10 12 22 12 11 11 5 16 15 22 7 2 0 10 0 8 11 2 15 3 13 13 27 10 2 5 27 5 4 3 21 5 8 14 14 4 2 0 10 9 10 5 21 2 6 12 8 27 10 0 21 2 21 6 4 7 12 7 15 10 6 
Time cost: 4.4521424770355225s

Result: 42553
Status of facilities: 1 0 1 1 1 1 1 1 1 0 1 1 1 1 1 1 1 1 0 0 1 0 0 0 0 0 1 1 0 0 
The assignment of customers to facilities: 7 6 2 27 2 12 15 27 27 17 4 17 13 13 6 7 3 20 16 0 27 16 5 0 10 27 27 14 4 2 6 26 4 16 27 6 20 8 16 15 7 8 6 4 8 26 13 2 14 14 0 16 2 16 8 6 11 8 27 7 4 0 7 8 13 11 5 14 6 12 7 12 6 8 5 13 20 5 8 16 10 0 26 7 4 13 6 5 27 7 17 6 11 11 2 3 11 6 0 17 17 15 12 7 4 0 4 27 27 3 14 4 27 12 12 8 17 7 17 8 26 11 17 6 26 16 2 11 26 17 11 16 11 20 5 8 3 3 17 10 12 27 11 11 11 5 16 15 16 11 16 17 10 0 8 12 5 15 3 13 13 0 10 2 5 0 5 4 3 15 5 20 14 14 26 2 0 10 4 10 5 15 2 6 12 8 11 10 0 16 2 16 6 4 7 12 7 15 10 6 
Time cost: 4.418120384216309s

Result: 43608
Status of facilities: 1 1 1 0 1 1 1 1 1 1 1 1 1 1 1 1 1 1 0 0 0 0 0 0 1 0 1 0 1 0 
The assignment of customers to facilities: 11 6 2 24 2 12 15 28 24 28 4 28 13 1 28 7 1 10 16 0 7 16 5 24 10 11 24 14 4 2 6 26 4 16 28 6 8 8 24 16 7 9 6 4 8 26 13 2 14 14 24 16 2 16 8 6 11 9 7 7 4 0 7 8 13 11 5 14 28 12 7 12 6 9 5 13 10 5 8 16 10 0 9 7 4 13 6 5 24 11 28 6 7 11 0 13 28 6 0 28 28 15 12 7 4 0 4 24 16 13 14 4 24 12 12 8 28 7 17 8 26 11 17 6 26 16 2 11 26 17 28 24 11 10 1 9 1 13 28 10 12 24 11 11 11 5 16 15 0 12 24 17 10 0 8 11 2 15 13 13 13 0 10 2 5 0 5 4 1 15 1 8 28 14 26 2 0 10 4 10 5 15 2 6 12 8 28 10 0 16 2 2 6 4 7 12 7 15 10 6 
Time cost: 4.412421703338623s

