Begin: 90489

Result: 33393
Status of facilities: 1 0 1 1 1 1 1 1 1 1 1 1 1 1 1 1 1 1 0 0 0 0 0 1 1 0 0 0 1 0 
The assignment of customers to facilities: 7 6 2 24 2 12 15 28 16 28 4 28 13 13 28 7 3 10 16 0 11 16 5 24 10 11 24 14 4 2 6 4 4 16 24 6 8 8 24 16 7 9 6 4 8 6 13 2 14 14 24 16 2 16 8 6 11 9 7 11 4 0 7 8 13 11 5 14 28 12 7 12 6 9 23 23 10 23 8 16 10 0 9 11 4 13 6 5 24 7 28 6 7 7 0 3 28 6 0 28 28 15 12 12 4 0 4 24 16 3 14 4 0 12 12 8 28 7 17 8 9 11 17 6 9 16 2 11 14 17 28 24 11 10 23 9 3 3 28 10 12 24 11 11 11 5 24 15 24 7 0 17 23 0 8 11 2 15 3 13 13 0 10 24 5 28 5 4 3 15 5 8 14 14 9 2 0 10 4 10 5 15 2 6 12 8 28 23 0 2 2 2 6 4 7 12 7 15 10 6 
Time cost: 4.434152603149414s

Result: 31301
Status of facilities: 1 0 1 0 1 1 1 1 1 0 1 1 1 1 1 1 1 1 1 0 0 0 0 1 1 0 0 0 1 1 
The assignment of customers to facilities: 18 6 2 24 2 12 15 28 18 28 4 28 13 13 28 18 13 10 16 0 18 16 5 24 10 18 24 14 29 2 6 4 4 16 28 6 14 8 24 16 18 8 6 4 8 4 13 2 14 14 24 16 24 16 8 6 11 8 18 7 29 0 7 8 13 11 5 14 28 12 18 12 6 8 23 23 10 23 8 16 10 0 8 7 29 13 6 5 24 7 28 6 7 11 2 13 11 6 0 28 17 15 12 7 4 0 4 24 16 13 14 4 18 12 12 8 28 7 17 8 14 11 17 6 4 16 2 11 14 17 28 24 11 10 23 8 13 13 28 10 12 18 11 11 11 5 24 15 18 7 24 17 23 0 8 11 2 15 13 13 13 0 10 24 5 28 5 4 13 15 5 8 28 14 4 2 0 10 29 10 5 15 2 6 12 8 28 23 0 2 2 2 6 4 7 12 7 15 10 6 
Time cost: 4.353293418884277s

Result: 33197
Status of facilities: 1 0 1 1 1 1 1 1 1 1 1 1 1 1 1 1 1 1 1 0 0 0 0 1 0 0 0 0 1 0 
The assignment of customers to facilities: 18 6 2 18 2 12 15 28 18 28 4 28 13 13 6 18 3 10 16 0 18 16 5 0 10 18 0 14 4 2 6 6 4 16 28 6 8 8 16 15 18 9 6 4 8 6 13 2 14 14 0 16 2 16 8 6 11 9 18 7 4 0 7 8 13 11 5 14 28 12 7 12 6 9 23 23 10 23 8 16 10 0 9 7 4 13 6 5 18 7 28 6 7 11 2 3 11 12 0 28 28 15 12 18 4 0 4 16 16 3 14 4 18 12 12 8 28 7 17 8 9 11 17 6 9 16 2 11 14 17 28 16 11 10 23 9 3 3 28 10 12 18 11 11 11 5 16 15 18 11 0 17 23 0 8 11 2 15 3 13 13 0 10 16 5 28 5 4 3 15 5 8 28 14 4 2 0 10 4 10 5 15 2 6 12 8 28 23 0 15 2 2 6 4 7 12 7 15 10 6 
Time cost: 4.35768723487854s

Result: 32281
Status of facilities: 1 0 1 1 1 1 1 1 0 1 1 1 1 1 1 1 1 1 1 0 0 0 0 1 1 0 0 0 1 0 
The assignment of customers to facilities: 18 6 2 24 2 12 15 28 18 28 4 28 13 13 28 18 3 10 16 0 18 16 5 24 10 18 24 14 4 2 6 6 4 16 28 6 14 9 24 16 18 9 6 4 9 6 13 2 14 14 24 16 24 16 9 6 11 9 18 7 4 0 7 9 13 11 5 14 28 12 7 12 6 9 23 23 10 23 9 16 10 0 9 7 4 13 6 5 24 7 28 6 7 11 2 3 11 12 0 28 28 15 12 18 4 0 4 24 16 3 14 4 18 12 12 9 28 7 17 13 9 11 17 6 9 16 2 11 14 17 28 24 11 10 23 9 3 3 28 10 12 24 11 11 11 5 24 15 18 7 0 17 23 0 13 11 2 15 3 13 13 0 10 24 5 18 5 4 3 15 5 10 28 14 4 2 0 10 4 10 5 15 2 6 12 9 28 23 0 2 2 2 6 4 7 12 7 15 10 6 
Time cost: 4.345616579055786s

Result: 33246
Status of facilities: 1 0 1 1 1 1 1 1 1 0 1 1 1 1 1 1 1 1 0 1 0 0 0 0 0 0 0 0 1 1 
The assignment of customers to facilities: 7 19 2 16 2 12 15 28 16 28 4 28 13 13 28 11 3 10 16 0 11 16 5 2 10 11 16 19 29 2 19 19 4 16 0 6 14 8 0 15 7 8 6 4 8 19 13 2 19 14 0 16 2 16 8 6 11 8 7 7 29 0 7 8 13 11 2 14 28 12 7 12 19 8 5 13 10 5 8 16 10 17 8 7 29 13 6 5 28 7 28 6 11 11 2 3 11 6 0 28 28 15 12 7 4 0 4 16 16 3 19 4 17 12 12 8 28 7 17 8 14 11 17 19 4 16 15 11 19 17 28 16 11 10 5 8 3 3 28 10 12 16 11 11 11 5 16 15 0 11 0 17 10 17 8 28 2 15 3 13 13 0 10 2 5 17 5 4 3 15 5 8 19 14 4 5 0 10 29 10 5 15 15 19 12 8 28 10 0 2 2 15 6 4 7 12 7 15 10 19 
Time cost: 4.381938934326172s

Result: 33137
Status of facilities: 1 0 1 1 1 1 1 1 1 1 1 1 1 1 1 1 1 1 1 0 0 0 0 1 0 0 0 0 1 0 
The assignment of customers to facilities: 18 6 2 18 2 12 15 28 18 28 4 28 13 13 28 18 3 10 16 0 18 16 5 0 10 18 18 14 4 2 6 4 4 16 28 6 8 8 16 16 18 9 6 4 8 6 13 2 14 14 0 16 2 16 8 6 11 9 18 7 4 0 7 8 13 11 5 14 28 12 7 12 6 9 23 23 10 23 8 16 10 0 9 7 4 13 6 5 18 7 28 6 7 11 0 3 11 6 0 28 28 15 12 18 4 0 4 16 16 3 14 4 11 12 12 8 28 7 17 8 9 11 17 6 9 16 2 11 14 17 28 16 11 10 23 9 3 3 28 10 12 18 11 11 11 5 16 15 18 7 0 17 23 0 8 11 2 15 3 13 13 0 10 2 5 28 5 4 3 15 5 8 14 14 9 2 0 10 4 10 5 15 2 6 12 8 28 23 0 16 2 2 6 4 7 12 7 15 10 6 
Time cost: 4.347542762756348s

Result: 33216
Status of facilities: 1 0 1 1 1 1 1 1 1 1 1 1 1 1 1 1 1 1 0 0 0 0 0 0 1 0 0 0 1 1 
The assignment of customers to facilities: 7 6 2 24 2 12 15 28 16 28 4 28 13 13 28 11 3 10 16 0 11 16 5 24 10 11 24 14 29 2 6 4 4 16 28 6 8 8 16 15 7 9 6 4 8 4 13 16 14 14 24 16 2 16 8 6 11 9 7 7 29 0 7 8 13 11 5 14 28 12 7 12 6 9 5 13 10 5 8 16 10 0 9 11 29 13 6 5 24 7 28 6 7 11 2 3 28 6 0 28 28 15 12 7 4 0 4 24 16 3 14 29 24 12 12 8 28 7 17 8 9 11 17 6 9 16 2 12 4 17 28 24 11 10 5 9 3 3 28 10 12 24 11 11 11 5 24 15 0 11 24 17 10 0 8 11 2 15 3 13 13 0 10 0 5 24 5 4 3 15 5 8 28 14 4 2 0 10 29 10 5 15 2 6 12 8 28 10 0 2 2 2 6 4 7 12 7 15 10 6 
Time cost: 4.361259698867798s

Result: 32712
Status of facilities: 1 0 1 1 1 1 1 1 1 0 1 1 1 1 1 1 1 1 0 0 0 0 0 0 0 1 0 0 1 1 
The assignment of customers to facilities: 7 6 2 16 2 12 15 28 16 28 4 28 13 13 28 7 3 10 16 0 11 16 5 0 10 11 16 14 29 2 6 6 4 16 28 6 14 8 16 15 7 8 6 4 8 4 13 16 14 14 0 16 2 16 8 6 11 8 7 7 29 0 7 8 13 11 5 14 28 25 7 12 6 8 5 13 10 5 8 16 10 0 8 25 29 13 6 5 0 7 28 6 25 25 2 3 11 6 0 28 28 15 25 7 4 0 4 16 16 3 14 4 11 12 12 8 28 7 17 8 14 11 17 6 4 16 2 11 4 17 28 2 25 10 5 8 3 3 28 10 12 16 11 11 25 5 15 15 11 25 0 17 10 0 8 11 2 15 3 13 13 17 10 2 5 28 5 4 3 15 5 8 14 14 4 2 0 10 29 10 5 15 0 6 12 8 28 10 0 2 2 15 6 4 7 12 7 15 10 6 
Time cost: 4.399057149887085s

Result: 33235
Status of facilities: 1 0 1 1 1 1 1 1 1 1 1 1 1 1 1 1 1 0 0 0 0 0 0 1 1 1 0 0 1 1 
The assignment of customers to facilities: 7 6 2 24 2 12 15 11 16 28 4 28 13 13 28 7 3 10 16 0 11 16 5 24 10 11 24 14 29 2 6 6 4 16 28 6 8 8 24 16 7 9 6 4 8 4 13 2 14 14 24 16 2 16 8 6 11 9 7 25 29 0 7 8 13 11 5 14 28 25 7 12 6 9 23 23 10 23 8 16 10 0 9 25 29 13 6 5 24 7 28 6 25 25 2 3 11 6 0 28 28 15 25 7 4 0 4 24 16 3 14 4 11 12 12 8 28 7 14 8 9 11 28 6 9 16 2 11 4 0 28 24 25 10 23 9 3 3 28 10 12 16 11 11 25 5 24 15 24 25 24 0 23 0 8 11 2 15 3 13 13 0 10 24 5 0 5 4 3 15 5 8 28 14 4 2 0 10 29 10 5 15 2 6 12 8 28 23 0 16 2 2 6 4 7 12 7 15 10 6 
Time cost: 4.32903528213501s

Result: 34160
Status of facilities: 1 1 1 0 1 1 1 1 1 1 1 1 1 1 1 1 1 1 0 0 0 0 0 1 0 0 0 0 1 1 
The assignment of customers to facilities: 7 6 2 16 5 12 15 28 16 28 4 28 13 1 28 7 1 10 16 0 28 16 5 16 10 11 0 14 29 2 6 6 4 16 28 6 8 8 16 15 7 9 6 4 8 14 13 2 14 14 0 16 2 16 8 6 11 9 7 7 29 0 7 8 13 11 5 14 6 12 7 12 6 9 23 23 10 23 8 16 10 17 9 11 29 13 6 5 0 7 28 6 7 11 0 13 11 6 0 28 28 15 12 11 4 17 4 16 15 13 14 4 28 12 12 8 28 7 17 8 9 11 17 4 9 16 2 11 4 17 28 16 11 10 23 9 1 13 28 10 12 16 12 11 11 5 16 15 0 11 0 17 23 0 8 11 2 15 13 13 13 0 10 2 5 17 5 4 1 15 1 8 14 14 4 2 0 10 29 10 5 15 2 6 12 8 28 23 0 2 2 2 6 4 7 12 7 15 10 6 
Time cost: 4.388327598571777s

Result: 33734
Status of facilities: 1 0 1 1 1 1 1 1 1 1 1 1 1 1 1 1 1 1 0 0 0 0 0 1 0 1 0 0 1 0 
The assignment of customers to facilities: 7 6 2 16 5 12 15 28 16 28 4 28 13 13 28 7 3 10 16 0 11 16 5 0 10 11 0 14 4 2 6 6 4 16 28 6 8 8 16 15 7 9 6 4 8 6 13 2 14 14 0 16 2 16 8 12 11 9 7 25 4 0 7 8 13 11 5 14 28 25 7 12 6 9 23 23 10 23 8 16 10 0 9 25 4 13 6 5 28 7 28 6 25 25 2 3 11 6 0 28 17 15 25 7 4 0 4 16 16 3 14 4 11 12 12 8 28 7 17 8 9 11 17 6 9 16 2 11 14 17 28 16 25 10 23 9 3 3 28 10 12 16 11 11 25 5 16 15 11 25 0 17 23 0 8 11 2 15 3 13 13 0 10 5 5 28 5 4 3 15 5 8 28 14 4 2 0 10 4 10 5 15 2 6 12 8 28 23 0 2 2 2 6 4 7 12 7 15 10 6 
Time cost: 4.415827512741089s

Result: 33325
Status of facilities: 1 0 1 0 1 1 1 1 1 1 1 1 1 1 1 1 1 1 0 0 1 0 0 1 1 0 0 0 1 1 
The assignment of customers to facilities: 7 6 2 24 2 12 15 28 16 28 4 28 13 13 28 7 13 20 16 0 11 16 5 24 10 11 0 14 29 2 6 6 4 16 28 6 20 8 24 16 7 9 6 4 8 4 13 2 14 14 24 16 2 16 8 6 11 9 7 7 29 0 7 8 13 11 5 14 28 12 7 12 6 9 23 23 20 23 8 16 10 0 9 11 29 13 6 5 24 7 28 6 11 7 0 13 28 6 0 28 28 15 12 7 4 0 4 24 16 13 14 4 24 12 12 8 28 7 17 8 9 11 17 6 9 16 2 12 4 17 28 24 11 20 23 9 13 13 28 10 12 24 11 11 11 5 24 15 24 11 24 17 23 0 8 11 2 15 13 13 13 0 10 2 5 0 5 4 13 15 5 20 28 14 4 2 0 10 29 10 5 15 2 6 12 8 28 23 0 16 2 2 6 4 7 12 7 15 10 6 
Time cost: 4.357381820678711s

Result: 33514
Status of facilities: 1 0 1 1 1 1 1 1 1 1 1 1 1 1 1 1 1 1 1 0 0 0 0 1 0 1 0 0 1 0 
The assignment of customers to facilities: 18 6 2 18 5 12 15 28 18 28 4 28 13 13 28 18 3 10 16 0 18 16 5 0 10 18 16 14 4 2 6 6 4 16 28 6 8 8 16 15 18 9 6 4 8 14 13 2 14 14 0 16 2 16 8 6 11 9 18 7 4 0 7 8 13 11 5 14 28 25 7 12 6 9 23 23 10 23 8 16 10 0 9 25 4 13 6 5 18 7 28 6 25 25 5 3 11 6 0 28 28 15 25 18 4 0 4 16 16 3 14 4 18 12 12 8 28 7 17 8 9 11 17 6 9 16 2 11 14 17 28 16 25 10 23 9 3 3 28 10 12 18 11 11 25 5 16 15 18 25 0 17 23 0 8 11 2 15 3 13 13 28 10 2 5 0 5 4 3 15 5 8 14 14 4 2 0 10 4 10 5 15 2 6 12 8 28 23 0 2 2 2 6 4 7 12 7 15 10 6 
Time cost: 4.301847696304321s

Result: 34123
Status of facilities: 1 0 1 1 1 1 1 1 1 0 1 1 1 1 1 1 1 1 0 0 1 0 0 1 0 0 0 0 1 1 
The assignment of customers to facilities: 7 6 2 16 5 12 15 28 16 28 4 17 13 13 28 28 3 20 0 17 7 16 5 0 10 11 16 14 29 2 6 4 4 16 17 6 20 8 16 15 7 8 6 4 8 4 13 16 14 14 0 16 2 16 8 6 12 8 7 7 29 0 7 8 13 11 5 14 28 12 7 12 6 8 23 23 20 23 8 16 10 0 8 7 29 13 6 5 0 11 28 6 11 11 2 3 11 6 0 28 17 15 12 7 4 0 4 16 16 3 14 4 28 12 12 8 28 7 17 8 14 11 17 6 4 16 2 11 14 17 28 16 11 20 23 8 3 3 28 10 12 16 11 11 11 5 0 15 28 11 0 17 23 0 8 11 2 15 3 13 13 17 10 2 5 17 5 4 3 15 5 20 28 14 4 2 0 10 29 10 5 15 2 6 12 8 28 23 17 2 2 2 6 4 7 12 7 15 10 6 
Time cost: 4.397460222244263s

Result: 34440
Status of facilities: 1 0 1 1 1 1 1 1 1 1 1 1 1 1 1 1 1 1 0 0 0 0 0 1 0 0 0 0 1 1 
The assignment of customers to facilities: 7 6 2 16 5 12 15 28 16 28 4 28 13 13 28 11 3 10 16 0 11 16 5 2 10 28 0 14 29 5 6 4 4 16 28 6 8 8 16 15 7 9 6 29 8 4 13 2 14 14 0 16 2 16 8 6 11 9 7 7 29 0 11 8 13 11 5 14 17 12 11 12 6 9 23 23 10 23 8 16 10 0 9 7 29 13 6 5 0 7 28 6 7 11 2 3 11 6 0 28 17 15 12 7 4 0 4 16 16 3 14 4 28 6 12 8 28 7 17 8 9 11 17 6 9 16 5 11 4 17 28 2 11 10 23 9 3 3 28 10 12 16 12 11 7 5 0 15 11 7 16 17 23 0 8 12 2 15 3 13 13 0 10 2 5 28 5 4 3 15 5 8 28 14 4 2 0 10 29 10 5 15 2 6 12 8 28 23 0 2 2 16 6 4 7 12 7 15 10 6 
Time cost: 4.3882341384887695s

Result: 33583
Status of facilities: 1 0 1 1 1 1 1 1 1 1 1 1 1 1 1 1 1 1 0 0 0 0 0 1 1 0 0 0 1 1 
The assignment of customers to facilities: 7 6 2 24 2 12 15 28 16 28 4 28 13 13 28 7 3 10 16 0 11 16 5 24 10 11 24 14 29 2 6 4 4 16 28 6 8 8 24 16 7 9 6 4 8 4 13 16 14 14 24 16 2 16 8 6 11 9 11 7 29 0 7 8 13 11 5 14 28 12 7 12 6 9 23 23 10 23 8 16 10 0 9 7 29 13 6 5 24 7 28 6 7 11 2 3 11 6 0 28 28 15 12 11 4 0 4 24 16 3 14 4 24 12 12 8 28 7 17 8 9 11 17 6 9 16 2 11 14 17 28 16 11 10 23 9 3 3 28 10 12 24 28 11 11 5 24 15 24 12 0 17 23 0 8 11 2 15 3 13 13 0 10 2 5 0 5 4 3 15 5 8 28 14 4 2 0 10 29 10 5 15 2 6 12 8 28 23 0 24 2 2 6 4 7 12 7 15 10 6 
Time cost: 4.321029424667358s

Result: 32173
Status of facilities: 1 0 1 1 1 0 1 1 1 1 1 1 1 1 1 1 1 1 0 0 0 0 0 1 1 0 0 0 1 0 
The assignment of customers to facilities: 7 6 2 24 2 12 15 28 24 28 4 28 13 13 28 11 3 10 16 0 11 16 23 24 10 11 24 14 4 2 6 6 4 16 28 6 8 8 24 16 7 9 6 4 8 14 13 2 14 14 24 16 0 16 8 6 11 9 7 7 4 0 7 8 13 11 23 14 28 12 7 12 6 9 23 23 10 23 8 16 10 0 9 7 4 13 6 2 24 7 28 6 11 11 0 3 28 6 0 28 28 15 12 7 4 0 4 16 16 3 14 4 24 12 12 8 28 7 17 8 9 11 17 6 9 16 2 11 14 17 28 24 11 10 23 9 3 3 28 10 12 16 11 11 11 23 24 15 24 12 24 17 23 0 8 11 2 15 3 13 13 0 10 2 23 0 23 4 3 15 23 8 28 14 4 2 0 10 4 10 2 15 2 6 12 8 28 23 0 16 2 16 6 4 7 12 7 15 10 6 
Time cost: 4.4023756980896s

Result: 33366
Status of facilities: 1 0 1 1 1 1 1 1 1 1 1 1 1 1 1 1 1 1 0 0 0 0 0 0 1 0 0 0 1 1 
The assignment of customers to facilities: 7 6 2 24 2 12 15 28 24 28 4 28 13 13 28 7 3 10 16 0 11 16 5 24 10 11 24 14 29 2 6 6 4 16 28 6 8 8 16 16 7 9 6 4 8 4 13 2 14 14 24 16 2 16 8 6 11 9 7 7 29 0 11 8 13 11 5 14 28 12 7 12 6 9 5 13 10 5 8 16 10 0 9 7 29 13 6 5 24 7 28 6 7 11 2 3 11 6 0 28 28 15 11 7 4 0 4 24 16 3 14 4 0 12 12 8 28 11 17 8 9 11 17 6 9 16 2 12 4 17 28 16 11 10 5 9 3 3 28 10 12 24 11 11 11 5 24 15 24 12 24 17 10 0 8 11 2 15 3 13 13 0 10 24 5 0 5 4 3 15 5 8 28 14 4 2 0 10 29 10 5 15 2 6 12 8 28 10 0 16 2 2 6 4 7 12 7 15 10 6 
Time cost: 4.416331768035889s

Result: 33130
Status of facilities: 1 0 1 1 1 1 1 1 1 1 1 1 1 1 1 1 1 1 0 0 0 0 0 0 1 0 0 0 1 0 
The assignment of customers to facilities: 7 6 2 24 2 12 15 28 16 28 4 28 13 13 28 7 3 10 16 0 11 16 5 24 10 11 24 14 4 2 6 4 4 16 28 6 8 8 24 16 11 9 6 4 8 6 13 2 14 14 24 16 2 16 8 6 11 9 7 7 4 0 7 8 13 11 5 14 28 12 7 12 6 9 5 13 10 5 8 16 10 0 9 7 4 13 6 5 0 7 28 6 11 11 2 3 11 6 0 28 28 15 12 7 4 0 4 24 16 3 14 4 24 12 12 8 28 7 17 8 9 11 17 6 9 16 2 11 4 17 28 16 11 10 5 9 3 3 28 10 12 16 11 11 11 5 24 15 0 11 24 17 10 0 8 28 2 15 3 13 13 0 10 24 5 24 5 9 3 15 5 8 14 14 9 2 0 10 4 10 5 15 2 6 12 8 28 10 0 16 2 16 6 4 7 12 7 15 10 6 
Time cost: 4.414058685302734s

Result: 32513
Status of facilities: 1 0 1 1 1 1 1 1 0 1 1 1 1 1 1 1 0 1 1 0 0 0 0 1 1 1 0 0 1 0 
The assignment of customers to facilities: 18 6 2 18 2 12 15 0 18 28 4 28 13 13 28 18 3 10 24 0 18 15 5 24 10 18 24 14 4 2 6 14 4 24 28 6 14 9 24 15 18 9 6 4 9 6 13 15 14 14 24 24 24 15 9 6 11 9 18 7 4 0 7 9 13 11 5 14 28 25 18 12 6 9 23 23 10 23 13 24 10 0 9 25 4 13 6 5 18 7 28 6 25 25 2 3 11 6 0 28 28 15 25 7 4 0 4 0 24 3 14 4 18 12 12 9 28 7 17 9 9 11 17 6 9 15 2 11 14 17 28 24 25 10 23 9 3 3 28 10 12 18 11 11 25 5 24 15 18 25 24 17 23 0 13 11 2 15 3 13 13 0 10 2 5 28 5 4 3 15 5 10 28 14 4 2 0 10 4 10 5 15 2 6 12 9 28 23 0 2 2 2 6 4 7 12 7 15 10 6 
Time cost: 4.35927939414978s

Result: 33025
Status of facilities: 1 1 1 1 1 1 1 1 1 0 1 1 1 0 1 1 1 1 0 0 0 0 0 0 1 1 0 0 1 1 
The assignment of customers to facilities: 7 6 2 24 2 12 15 28 24 28 4 28 10 1 28 7 1 10 24 0 11 16 5 24 10 11 24 14 29 2 6 4 4 16 28 6 14 8 16 16 7 8 6 4 8 4 3 2 14 14 24 16 2 16 8 6 11 8 7 7 29 0 7 8 3 11 5 14 28 25 7 12 6 8 5 5 8 5 8 16 10 0 8 25 29 3 6 5 0 7 28 6 25 25 2 3 11 6 0 28 28 15 25 7 4 0 4 24 16 3 14 4 11 12 12 8 28 7 17 8 14 11 17 6 4 16 2 11 4 17 28 24 25 10 1 14 3 3 28 10 12 24 11 11 25 5 24 15 11 25 24 17 10 0 8 11 2 15 3 3 1 0 10 24 5 0 5 29 3 15 1 8 28 14 4 2 0 10 29 10 5 15 2 6 12 8 28 10 0 16 2 2 6 4 7 12 7 15 10 6 
Time cost: 4.4238600730896s

Result: 32763
Status of facilities: 1 1 1 1 1 1 1 1 1 0 1 1 1 0 1 1 1 0 0 0 0 0 0 1 1 0 0 0 1 1 
The assignment of customers to facilities: 11 6 2 24 2 12 15 28 16 28 4 28 10 1 28 7 1 10 16 0 11 16 5 24 10 11 24 14 29 2 6 4 4 16 0 6 14 8 16 16 7 8 6 4 8 4 3 2 14 14 24 16 2 16 8 6 11 8 7 7 29 0 7 8 3 11 5 14 28 12 7 12 6 8 23 23 10 23 8 16 23 0 8 11 29 10 6 5 24 7 28 6 7 12 2 3 11 6 0 28 28 15 12 7 4 0 4 24 16 3 14 4 0 12 12 8 28 7 14 8 14 11 28 6 4 16 2 11 4 14 28 24 11 10 23 8 3 3 28 10 12 24 11 11 12 5 24 15 16 7 24 0 23 0 8 11 2 15 3 3 1 0 10 24 5 24 5 4 3 15 1 8 28 14 29 2 0 10 29 10 5 15 2 6 12 8 28 23 0 16 2 2 6 4 7 12 7 15 10 6 
Time cost: 4.596709251403809s

Result: 33555
Status of facilities: 1 1 1 0 1 1 1 1 1 1 1 1 1 1 1 1 1 1 0 1 0 0 0 1 1 0 0 0 1 0 
The assignment of customers to facilities: 7 19 2 24 2 12 15 28 16 28 4 28 13 1 28 7 1 10 16 0 28 16 5 24 10 11 24 19 4 2 19 19 4 16 24 6 8 8 24 16 7 9 6 4 8 19 13 16 19 14 24 16 2 16 8 6 11 9 7 7 4 0 7 8 13 11 5 14 28 12 7 12 19 9 23 23 10 23 8 16 10 0 9 7 4 13 6 5 24 11 28 6 7 11 2 13 28 6 0 28 28 15 12 7 4 0 4 24 16 13 19 4 28 12 12 8 28 7 17 8 9 11 17 19 9 16 2 11 19 17 28 24 11 10 23 9 1 13 28 10 12 24 11 11 11 5 24 15 24 12 0 17 23 0 8 11 2 15 13 13 13 0 10 24 5 0 5 4 1 15 1 8 19 14 4 2 0 10 4 10 5 15 2 19 12 8 11 23 0 2 2 16 6 4 7 12 7 15 10 19 
Time cost: 4.496797800064087s

Result: 32025
Status of facilities: 1 0 1 0 1 1 1 1 1 1 1 1 1 1 1 1 1 1 1 0 0 0 0 1 1 0 0 0 1 0 
The assignment of customers to facilities: 18 6 2 24 2 12 15 28 18 28 4 28 13 13 28 18 13 10 16 0 18 16 5 24 10 18 24 14 4 2 6 6 4 16 28 6 8 8 24 16 18 9 6 4 8 6 13 16 14 14 24 16 2 16 8 6 11 9 18 7 4 0 7 8 13 11 5 14 28 12 7 12 6 9 23 23 10 23 8 16 10 0 9 7 4 13 6 5 24 7 28 6 7 11 2 13 11 12 0 28 28 15 12 18 4 0 4 24 16 13 14 4 18 12 12 8 28 7 17 8 9 11 17 6 9 16 2 11 4 17 28 24 11 10 23 9 13 13 28 10 12 24 11 11 11 5 24 15 18 7 24 17 23 0 8 11 2 15 13 13 13 0 10 24 5 18 5 4 13 15 5 8 28 14 9 2 0 10 4 10 5 15 2 6 12 8 28 23 0 2 2 2 6 4 7 12 7 15 10 6 
Time cost: 4.496673583984375s

Result: 32852
Status of facilities: 1 0 1 1 1 1 1 1 1 1 1 1 1 1 1 1 1 1 1 0 0 0 0 0 1 0 0 0 1 0 
The assignment of customers to facilities: 18 6 2 24 2 12 15 28 18 28 4 28 13 13 28 18 3 10 16 0 18 16 5 24 10 18 24 14 4 2 6 6 4 16 28 6 8 8 24 16 18 9 6 4 8 14 13 2 14 14 24 16 24 16 8 12 11 9 18 7 4 0 7 8 13 11 5 14 28 12 18 12 6 9 5 13 10 5 8 16 10 0 9 7 6 13 6 5 24 7 28 6 7 11 2 3 11 6 0 28 28 15 12 18 4 0 4 24 16 3 14 4 18 12 12 8 28 7 17 8 9 11 17 6 9 16 2 11 4 17 28 24 11 10 5 9 3 3 28 10 12 24 11 11 11 5 16 15 18 7 24 17 10 0 8 11 2 15 3 13 13 0 10 24 5 0 5 4 3 15 5 8 28 14 4 2 0 10 4 10 5 15 2 6 12 8 28 10 0 2 2 2 6 4 7 12 7 15 10 6 
Time cost: 4.49034857749939s

Result: 32638
Status of facilities: 1 0 1 1 1 1 1 1 1 1 1 1 1 1 1 1 1 0 1 0 0 0 0 1 1 0 0 0 1 0 
The assignment of customers to facilities: 18 6 2 24 2 12 15 28 18 28 4 28 13 13 28 18 3 10 16 0 18 16 5 24 10 18 24 14 4 2 6 6 6 16 28 6 8 8 24 16 18 9 6 4 8 4 13 2 14 14 24 16 24 16 8 6 11 9 18 7 4 0 7 8 13 11 5 14 28 12 7 12 6 9 23 23 10 23 8 16 10 0 9 7 4 13 6 5 24 7 28 6 7 11 2 3 11 6 0 28 28 15 12 18 4 0 4 24 16 3 14 4 18 12 12 8 28 7 14 8 9 11 28 6 9 16 2 11 14 0 28 24 11 10 23 9 3 3 28 10 12 18 11 11 11 5 24 15 18 7 24 0 23 0 8 11 2 15 3 13 13 0 10 24 5 0 5 4 3 15 5 8 14 14 9 2 0 10 4 10 5 15 2 6 12 8 28 23 0 2 2 2 6 4 7 12 7 15 10 6 
Time cost: 4.363487243652344s

Result: 34102
Status of facilities: 1 0 1 1 1 1 1 1 1 1 1 1 1 1 1 1 1 1 0 0 0 0 0 1 0 0 0 0 1 0 
The assignment of customers to facilities: 7 6 2 16 2 12 15 17 16 28 4 28 13 13 28 7 3 10 0 0 7 16 5 2 10 11 16 14 4 2 6 4 4 16 28 6 8 8 16 15 7 9 6 4 8 6 13 15 14 14 0 16 2 16 8 6 11 9 7 7 4 0 7 8 13 12 5 14 28 12 7 12 6 9 23 23 10 23 8 16 10 0 9 7 6 13 6 5 28 11 28 6 11 11 5 3 11 12 17 28 17 15 12 7 4 0 4 16 16 3 14 4 0 12 12 8 28 11 17 8 9 11 17 6 9 16 5 11 14 17 28 16 11 10 23 9 3 3 28 10 12 16 12 11 11 5 16 15 0 11 0 17 23 0 8 28 2 15 3 13 13 28 10 2 5 17 5 4 3 15 5 8 28 14 4 2 0 10 4 10 5 15 2 6 11 8 28 23 0 2 2 2 6 4 7 12 7 15 10 6 
Time cost: 4.438200235366821s

Result: 33003
Status of facilities: 1 0 1 1 1 1 1 1 1 1 1 1 1 1 1 1 1 1 1 0 0 0 0 0 0 0 0 0 1 0 
The assignment of customers to facilities: 18 6 2 18 5 12 15 28 18 28 4 28 13 13 28 18 3 10 16 0 18 16 5 0 13 18 0 14 4 2 6 4 4 16 28 6 8 8 16 16 18 9 6 4 8 6 13 2 14 14 0 16 2 16 8 6 11 9 18 7 4 0 7 8 13 11 10 14 28 12 18 12 6 9 5 13 10 5 8 16 10 0 9 7 4 13 6 5 18 7 28 6 7 11 2 3 11 6 0 28 28 15 12 7 4 0 4 16 16 3 14 4 18 12 12 8 28 7 17 8 9 11 17 6 9 16 2 11 14 17 28 16 11 10 5 9 3 3 28 10 12 18 11 11 11 5 16 15 18 11 0 17 10 0 8 11 2 15 3 13 13 0 10 2 5 28 5 4 3 15 5 8 14 14 9 2 0 10 4 10 5 15 2 6 12 8 28 10 0 16 2 2 6 4 7 12 7 15 10 6 
Time cost: 4.405123472213745s

Result: 32421
Status of facilities: 1 0 1 1 1 1 1 1 1 0 1 1 1 1 1 1 1 1 0 0 0 0 0 1 1 0 0 0 1 1 
The assignment of customers to facilities: 7 6 2 24 2 12 15 28 24 28 4 28 13 13 28 11 3 10 16 0 11 16 5 24 10 11 24 14 29 2 6 4 4 16 28 6 14 8 24 16 7 8 6 29 8 4 13 16 14 14 0 16 2 16 8 6 11 8 7 7 29 0 7 8 13 11 5 14 28 12 7 12 6 8 23 23 10 23 8 16 10 0 8 7 29 13 6 5 24 7 28 6 11 11 2 3 28 6 0 28 17 15 12 7 4 0 4 24 16 3 14 4 24 12 12 8 28 7 17 8 14 11 17 6 4 16 2 11 4 17 28 24 11 10 23 8 3 3 28 10 12 24 12 11 11 5 16 15 24 11 24 17 23 0 8 11 2 15 3 13 13 0 10 0 5 28 5 4 3 15 5 8 28 14 4 2 0 10 29 10 5 15 2 6 12 8 28 23 0 2 2 2 6 4 7 12 7 15 10 6 
Time cost: 4.391586542129517s

Result: 33305
Status of facilities: 1 1 1 0 1 1 1 1 1 1 1 1 1 1 1 1 1 1 0 0 0 0 0 1 1 1 0 0 1 0 
The assignment of customers to facilities: 7 6 2 24 2 12 15 28 16 28 4 28 13 1 28 7 1 10 16 0 11 16 5 24 10 11 24 14 4 2 6 6 4 16 28 6 8 8 24 16 7 9 6 4 8 6 13 16 14 14 24 16 2 16 8 6 11 9 7 25 4 0 7 8 13 11 5 14 28 25 7 12 6 9 23 23 10 23 8 16 10 0 9 25 4 13 6 5 24 7 28 6 25 25 2 13 11 12 0 28 28 15 25 7 4 0 4 16 16 13 14 4 11 12 12 8 28 7 17 8 9 11 17 6 9 16 2 11 14 17 28 24 25 10 23 9 1 13 28 10 12 24 11 11 25 5 24 15 24 25 24 17 23 0 8 11 2 15 13 13 13 0 10 24 5 0 5 4 1 15 1 8 28 14 4 2 0 10 4 10 5 15 2 6 12 8 28 23 0 2 2 2 6 4 7 12 7 15 10 6 
Time cost: 4.299748182296753s

