Begin: 80094

Result: 22795
Status of facilities: 1 0 1 1 1 1 1 1 1 1 1 1 1 1 0 0 0 1 1 0 1 1 1 0 0 1 1 1 1 0 
The assignment of customers to facilities: 18 6 21 27 2 12 21 27 22 28 4 28 13 13 28 18 3 20 22 0 18 21 5 0 10 18 27 28 4 2 6 26 4 21 27 6 20 8 27 21 18 9 6 4 8 26 13 21 6 20 0 22 2 21 8 6 11 9 18 7 4 0 7 8 13 11 5 17 28 25 18 12 6 9 5 13 20 5 8 22 10 0 9 25 4 13 6 5 27 7 28 6 25 25 2 3 11 6 0 28 28 21 25 18 4 0 4 27 22 3 26 4 27 12 12 8 28 7 17 8 26 11 17 6 26 21 2 11 26 17 28 21 25 20 5 9 3 3 28 10 12 22 11 11 25 5 27 21 27 25 27 17 10 0 8 11 2 21 3 13 13 27 10 2 5 27 5 4 3 21 5 20 28 10 26 2 0 10 4 10 5 21 2 6 12 8 28 10 0 21 2 21 6 4 7 12 7 21 10 6 
Time cost: 4.182974100112915s

Result: 22507
Status of facilities: 1 0 1 1 1 1 1 1 1 0 1 1 1 0 0 0 0 1 1 0 1 1 1 1 0 1 1 1 1 0 
The assignment of customers to facilities: 18 6 21 27 2 12 21 27 22 28 4 28 10 3 28 18 3 20 22 0 18 21 5 0 10 18 27 28 4 2 6 26 4 21 27 6 20 8 27 21 18 8 6 4 8 26 3 21 6 20 0 22 2 21 8 6 11 8 18 7 4 0 7 8 3 11 5 17 28 25 18 12 6 8 23 23 20 23 8 22 10 0 26 25 4 10 6 5 27 7 28 6 25 25 2 3 11 6 0 28 28 21 25 18 4 0 4 27 22 3 26 4 27 12 12 8 28 7 17 8 26 11 17 6 26 21 2 11 26 17 28 21 25 20 23 8 3 3 28 10 12 22 11 11 25 5 27 21 27 25 27 17 23 0 8 11 2 21 3 3 3 27 10 2 5 27 5 4 3 21 5 20 28 10 26 2 0 10 4 10 5 21 2 6 12 8 28 23 0 21 2 21 6 4 7 12 7 21 10 6 
Time cost: 4.180095195770264s

Result: 21847
Status of facilities: 1 0 1 1 1 1 1 1 1 0 1 1 0 0 0 1 1 1 1 1 0 0 0 0 1 1 1 1 1 0 
The assignment of customers to facilities: 18 19 2 27 2 6 15 27 18 28 4 28 10 3 28 18 3 10 27 0 18 16 5 24 10 18 27 19 4 2 19 19 4 16 27 6 8 8 24 16 18 8 6 4 8 19 3 2 19 10 24 16 24 16 8 6 11 8 18 25 4 0 7 8 3 11 5 17 28 25 18 6 19 8 5 10 10 5 8 16 10 0 26 25 4 10 6 5 27 7 28 6 25 25 2 3 11 6 0 28 28 15 25 18 4 0 4 24 27 3 19 4 27 6 11 8 28 7 17 8 26 11 17 19 26 16 2 11 26 17 28 24 25 10 5 8 3 3 28 10 11 27 11 11 25 5 24 15 27 25 24 17 10 0 8 11 2 15 3 3 3 27 10 24 5 27 5 4 3 15 5 8 19 10 26 2 0 10 4 10 5 15 2 19 11 8 28 10 0 24 2 2 6 4 7 6 7 15 10 19 
Time cost: 4.165598154067993s

Result: 22030
Status of facilities: 1 0 1 1 1 1 1 1 1 1 1 1 1 0 0 0 1 1 1 1 0 1 1 1 1 1 0 0 1 0 
The assignment of customers to facilities: 18 19 21 22 2 12 21 28 22 28 4 28 10 3 28 18 3 10 22 0 18 16 5 24 10 18 24 19 4 2 19 19 4 16 28 6 8 8 24 16 18 9 6 4 8 19 3 21 19 10 24 16 24 16 8 6 11 9 18 7 4 0 7 8 3 11 5 17 28 25 18 12 19 9 23 23 10 23 8 16 10 0 9 25 4 10 6 5 24 7 28 6 25 25 2 3 11 6 0 28 28 21 25 18 4 0 4 24 22 3 19 4 18 12 12 8 28 7 17 8 9 11 17 19 9 16 2 11 19 17 28 24 25 10 23 9 3 3 28 10 12 22 11 11 25 5 24 21 18 25 24 17 23 0 8 11 2 16 3 3 3 0 10 24 5 24 5 4 3 21 5 8 19 10 4 2 0 10 4 10 5 21 2 19 12 8 28 23 0 21 2 21 6 4 7 12 7 21 10 19 
Time cost: 4.1637678146362305s

Result: 21602
Status of facilities: 1 0 1 1 1 1 1 1 1 1 1 1 1 0 1 0 1 0 1 1 0 1 0 0 1 0 0 1 1 0 
The assignment of customers to facilities: 18 19 21 27 2 12 21 27 18 28 4 28 10 3 28 18 3 10 27 0 18 16 5 24 10 18 27 19 4 2 19 19 4 16 27 6 8 8 24 16 18 9 6 4 8 19 3 21 19 14 24 16 24 16 8 6 11 9 18 7 4 0 7 8 3 11 5 14 28 12 18 12 19 9 5 10 10 5 8 16 10 0 9 7 4 10 6 5 27 7 28 6 7 11 2 3 11 6 0 28 28 21 12 18 4 0 4 24 27 3 19 4 27 12 12 8 28 7 14 8 9 11 28 19 9 16 2 11 19 0 28 24 11 10 5 9 3 3 28 10 12 27 11 11 11 5 24 21 27 11 24 0 10 0 8 11 2 16 3 3 3 27 10 24 5 27 5 4 3 21 5 8 19 14 4 2 0 10 4 10 5 21 2 19 12 8 28 10 0 21 2 21 6 4 7 12 7 21 10 19 
Time cost: 4.171145439147949s

Result: 23001
Status of facilities: 1 0 1 1 1 1 1 1 1 1 1 1 1 1 1 1 0 1 1 0 1 0 0 0 1 1 0 0 1 0 
The assignment of customers to facilities: 18 6 2 24 2 12 15 28 18 28 4 28 13 13 28 18 3 20 24 0 18 24 5 24 10 18 24 14 4 2 6 4 4 24 28 6 20 8 24 15 18 9 6 4 8 4 13 2 14 14 24 24 24 15 8 6 11 9 18 7 4 0 7 8 13 11 5 14 28 25 18 12 6 9 5 13 20 5 8 24 10 0 9 25 4 13 6 5 24 7 28 6 25 25 2 3 11 6 0 28 28 15 25 18 4 0 4 24 24 3 14 4 18 12 12 8 28 7 17 8 9 11 17 6 9 15 2 11 4 17 28 24 25 20 5 9 3 3 28 10 12 18 11 11 25 5 24 15 18 25 24 17 10 0 8 11 2 15 3 13 13 0 10 24 5 24 5 4 3 15 5 20 28 14 4 2 0 10 4 10 5 15 2 6 12 8 28 10 0 2 2 2 6 4 7 12 7 15 10 6 
Time cost: 4.317687273025513s

Result: 22719
Status of facilities: 1 0 1 1 1 1 1 1 1 1 1 1 1 1 1 0 1 1 1 0 0 1 0 0 1 0 0 0 1 1 
The assignment of customers to facilities: 18 6 21 24 2 12 21 28 18 28 4 28 13 13 28 18 3 10 24 0 18 16 5 24 10 18 24 14 29 2 6 4 4 16 28 6 8 8 24 16 18 9 6 4 8 4 13 21 14 14 24 16 24 16 8 6 11 9 18 7 29 0 7 8 13 11 5 14 28 12 18 12 6 9 5 13 10 5 8 16 10 0 9 7 29 13 6 5 24 7 28 6 7 11 2 3 11 6 0 28 28 21 12 18 4 0 4 24 16 3 14 4 18 12 12 8 28 7 17 8 9 11 17 6 9 16 2 11 4 17 28 24 11 10 5 9 3 3 28 10 12 18 11 11 11 5 24 21 18 11 24 17 10 0 8 11 2 16 3 13 13 0 10 24 5 24 5 4 3 21 5 8 28 14 4 2 0 10 29 10 5 21 2 6 12 8 28 10 0 21 2 21 6 4 7 12 7 21 10 6 
Time cost: 4.40967583656311s

Result: 22782
Status of facilities: 1 1 1 0 1 1 1 1 1 1 1 1 1 0 0 1 0 1 1 1 1 1 1 0 1 0 0 0 1 1 
The assignment of customers to facilities: 18 19 21 22 2 12 15 28 22 28 4 28 10 1 28 18 1 20 22 0 18 21 5 24 10 18 24 19 29 2 19 19 4 21 28 6 20 8 24 15 18 9 6 4 8 19 8 21 19 20 24 24 24 21 8 6 11 9 18 7 29 0 7 8 20 11 5 17 28 12 18 12 19 9 5 10 20 5 8 24 10 0 9 7 29 10 6 5 24 7 28 6 7 11 2 1 11 6 0 28 28 15 12 18 4 0 4 24 22 1 19 4 18 12 12 8 28 7 17 8 9 11 17 19 9 21 2 11 19 17 28 24 11 20 1 9 1 8 28 10 12 22 11 11 11 5 24 15 18 7 24 17 10 0 8 11 2 15 8 1 1 0 10 24 5 24 5 4 1 21 1 20 19 10 4 2 0 10 29 10 5 21 2 19 12 8 28 10 0 21 2 21 6 4 7 12 7 15 10 19 
Time cost: 4.388216972351074s

Result: 22215
Status of facilities: 1 0 1 1 1 0 1 1 1 0 1 1 1 1 0 1 0 1 0 0 0 1 1 1 1 1 1 1 1 0 
The assignment of customers to facilities: 7 6 21 27 2 12 15 27 22 28 4 28 13 13 28 7 3 10 22 0 27 21 23 24 10 27 27 28 4 2 6 26 4 21 27 6 8 8 24 15 7 8 6 4 8 26 13 21 6 10 24 24 24 21 8 6 11 8 22 25 4 0 7 8 13 11 23 17 28 25 7 12 6 8 23 23 10 23 8 24 10 0 26 25 4 13 6 2 27 7 28 6 25 25 2 3 11 6 0 28 28 15 25 7 4 0 4 24 22 3 26 4 27 12 12 8 28 7 17 8 26 11 17 6 26 21 2 11 26 17 28 24 25 10 23 8 3 3 28 10 12 22 11 11 25 2 24 15 27 25 24 17 23 0 8 11 2 15 3 13 13 27 10 24 23 27 23 4 3 21 23 8 28 10 26 2 0 10 4 10 2 21 2 6 12 8 28 23 0 21 2 21 6 4 7 12 7 15 10 6 
Time cost: 4.3531248569488525s

Result: 22315
Status of facilities: 1 1 1 1 1 1 1 1 1 0 1 1 1 0 1 0 1 0 1 0 0 1 0 0 1 1 1 1 1 1 
The assignment of customers to facilities: 18 6 21 27 2 12 21 27 18 28 4 28 10 1 28 18 1 10 27 0 18 16 5 24 10 18 27 14 29 2 6 26 4 16 27 6 8 8 24 16 18 8 6 4 8 26 3 21 14 14 24 16 24 16 8 6 11 8 18 7 29 0 7 8 3 11 5 14 28 25 18 12 6 8 5 10 10 5 8 16 10 0 26 25 29 10 6 5 27 7 28 6 25 25 2 3 11 6 0 28 28 21 25 18 4 0 4 24 27 3 14 4 27 12 12 8 28 7 14 8 26 11 28 6 26 16 2 11 26 0 28 24 25 10 1 8 3 3 28 10 12 27 11 11 25 5 24 21 27 25 24 0 10 0 8 11 2 16 3 3 1 27 10 24 5 27 5 4 3 21 1 8 28 14 26 2 0 10 29 10 5 21 2 6 12 8 28 10 0 21 2 21 6 4 7 12 7 21 10 6 
Time cost: 4.310059309005737s

Result: 22830
Status of facilities: 1 0 1 1 1 1 1 1 1 1 1 1 1 1 1 1 1 0 1 1 1 1 0 0 1 1 0 1 0 0 
The assignment of customers to facilities: 18 19 21 27 2 12 15 27 18 27 4 19 13 13 19 18 3 20 27 0 18 16 5 24 10 18 27 19 4 2 19 19 4 16 27 6 20 8 24 16 18 9 6 4 8 19 13 21 19 14 24 16 24 16 8 6 11 9 18 25 4 0 7 8 13 11 5 14 19 25 18 12 19 9 10 13 20 5 8 16 10 0 9 25 4 13 6 5 27 7 11 6 25 25 2 3 11 6 0 11 19 15 25 18 4 0 4 24 27 3 19 4 27 12 12 8 11 7 14 8 9 11 0 19 9 16 2 11 19 0 11 24 25 20 5 9 3 3 11 10 12 27 11 11 25 5 24 15 27 25 24 0 10 0 8 11 2 15 3 13 13 27 10 24 5 27 5 4 3 21 5 20 19 14 4 2 0 10 4 10 5 21 2 19 12 8 11 10 0 21 2 21 6 4 7 12 7 15 10 19 
Time cost: 4.192264556884766s

Result: 22577
Status of facilities: 1 0 1 1 1 0 1 1 1 1 1 1 1 1 0 1 0 1 0 1 0 0 1 1 1 1 0 0 1 1 
The assignment of customers to facilities: 7 19 2 22 2 12 15 28 22 28 4 28 13 13 28 7 3 10 22 0 11 24 23 24 10 11 24 19 29 2 19 19 4 24 28 6 8 8 24 15 7 9 6 4 8 19 13 2 19 10 24 24 24 15 8 6 11 9 22 25 29 0 7 8 13 11 23 17 28 25 7 12 19 9 23 23 10 23 8 24 10 0 9 25 29 13 6 2 24 7 28 6 25 25 2 3 11 6 0 28 28 15 25 7 4 0 4 24 22 3 19 4 22 12 12 8 28 7 17 8 9 11 17 19 9 15 2 11 19 17 28 24 25 10 23 9 3 3 28 10 12 22 11 11 25 2 24 15 22 25 24 17 23 0 8 11 2 15 3 13 13 0 10 24 23 24 23 4 3 15 23 8 19 10 4 2 0 10 29 10 2 15 2 19 12 8 28 23 0 24 2 2 6 4 7 12 7 15 10 19 
Time cost: 4.171298503875732s

Result: 21932
Status of facilities: 1 0 1 0 1 1 1 1 1 1 1 1 1 1 0 1 1 0 0 1 1 0 1 0 1 1 0 1 1 0 
The assignment of customers to facilities: 7 19 2 27 2 12 15 27 22 28 4 28 13 13 28 7 13 20 22 0 27 16 5 24 10 27 27 19 4 2 19 19 4 16 27 6 20 8 24 16 7 9 6 4 8 19 13 2 19 20 24 16 24 16 8 6 11 9 22 7 4 0 7 8 13 11 5 19 28 25 7 12 19 9 5 13 20 5 8 16 10 0 9 25 4 13 6 5 27 7 28 6 25 25 2 13 11 6 0 28 28 15 25 7 4 0 4 24 22 13 19 4 27 12 12 8 28 7 0 8 9 11 28 19 9 16 2 11 19 0 28 24 25 20 5 9 13 13 28 10 12 22 11 11 25 5 24 15 27 25 24 0 10 0 8 11 2 15 13 13 13 27 10 24 5 27 5 4 13 15 5 20 19 10 4 2 0 10 4 10 5 15 2 19 12 8 28 10 0 2 2 2 6 4 7 12 7 15 10 19 
Time cost: 4.154336452484131s

Result: 22041
Status of facilities: 1 1 1 0 1 1 1 0 1 0 1 0 1 1 0 0 1 1 1 1 1 1 0 0 1 1 0 1 1 0 
The assignment of customers to facilities: 18 19 21 27 2 12 21 27 27 28 4 28 13 1 28 18 1 20 27 0 18 16 5 24 10 18 27 19 4 2 19 19 4 16 27 6 20 8 24 16 18 8 6 4 8 19 13 21 19 20 24 16 24 16 8 6 25 8 18 25 4 0 18 8 13 25 5 17 28 25 18 12 19 8 5 13 20 5 8 16 10 0 8 25 4 13 6 5 27 25 28 6 25 25 2 13 28 6 0 28 28 21 25 18 4 0 4 24 27 13 19 4 27 12 12 8 28 25 17 8 20 25 17 19 4 16 2 12 19 17 28 24 25 20 1 8 1 13 28 10 12 27 12 25 25 5 24 21 27 25 24 17 10 0 8 28 2 16 13 13 13 27 10 24 5 27 5 4 1 21 1 20 19 10 4 2 0 10 4 10 5 21 2 19 12 8 28 10 0 21 2 21 6 4 25 12 25 21 10 19 
Time cost: 4.205710172653198s

Result: 23001
Status of facilities: 1 0 1 1 1 1 1 1 0 1 1 1 1 1 1 1 1 0 1 0 0 1 0 1 0 1 0 1 1 1 
The assignment of customers to facilities: 18 6 21 27 2 12 15 27 18 28 4 28 13 13 28 18 3 10 27 0 18 16 5 0 10 18 27 14 29 2 6 4 4 16 27 6 14 9 16 16 18 9 6 4 9 4 13 21 14 14 0 16 2 16 9 6 11 9 18 7 29 0 7 9 13 11 5 14 28 25 18 12 6 9 23 23 10 23 9 16 10 0 9 25 29 13 6 5 27 7 28 6 25 25 2 3 11 6 0 28 28 15 25 18 4 0 4 27 27 3 14 4 27 12 12 9 28 7 14 9 9 11 28 6 9 16 2 11 4 0 28 21 25 10 23 9 3 3 28 10 12 27 11 11 25 5 16 15 27 25 27 0 23 0 13 11 2 15 3 13 13 27 10 2 5 27 5 4 3 21 5 10 28 14 4 2 0 10 29 10 5 21 2 6 12 9 28 23 0 21 2 21 6 4 7 12 7 15 10 6 
Time cost: 4.190416097640991s

Result: 22723
Status of facilities: 1 0 1 1 1 1 1 1 1 0 1 1 1 0 1 1 1 1 1 0 1 0 1 0 1 0 0 1 0 1 
The assignment of customers to facilities: 18 6 2 27 2 12 15 27 22 17 4 17 10 3 6 18 3 20 22 0 18 16 5 24 10 18 27 14 29 2 6 4 4 16 27 6 20 8 24 16 18 8 6 4 8 4 3 2 14 14 24 16 24 16 8 6 11 8 18 7 29 0 7 8 3 11 5 14 6 12 18 12 6 8 5 10 20 5 8 16 10 0 8 7 29 10 6 5 27 7 17 6 7 11 2 3 11 6 0 17 17 15 12 18 4 0 4 24 22 3 14 4 27 12 12 8 11 7 17 8 14 11 17 6 4 16 2 11 4 17 11 24 11 20 5 8 3 3 17 10 12 22 11 11 11 5 24 15 27 7 24 17 10 0 8 11 2 15 3 3 3 27 10 24 5 27 5 4 3 15 5 20 14 14 4 2 0 10 29 10 5 15 2 6 12 8 11 10 0 2 2 2 6 4 7 12 7 15 10 6 
Time cost: 4.190694570541382s

Result: 22098
Status of facilities: 1 0 1 1 1 1 1 1 1 1 1 1 1 0 0 0 1 1 1 1 0 1 1 0 1 1 1 0 1 0 
The assignment of customers to facilities: 18 19 21 22 2 12 21 28 22 28 4 28 10 3 28 18 3 10 22 0 18 16 5 24 10 18 24 19 4 2 19 19 4 16 28 6 8 8 24 16 18 9 6 4 8 19 3 21 19 10 24 16 24 16 8 6 11 9 18 7 4 0 7 8 3 11 5 17 28 25 18 12 19 9 5 10 10 5 8 16 10 0 9 25 4 10 6 5 24 7 28 6 25 25 2 3 11 6 0 28 28 21 25 18 4 0 4 24 22 3 19 4 18 12 12 8 28 7 17 8 26 11 17 19 26 16 2 11 26 17 28 24 25 10 5 9 3 3 28 10 12 22 11 11 25 5 24 21 18 25 24 17 10 0 8 11 2 16 3 3 3 0 10 24 5 24 5 4 3 21 5 8 19 10 26 2 0 10 4 10 5 21 2 19 12 8 28 10 0 21 2 21 6 4 7 12 7 21 10 19 
Time cost: 4.166106700897217s

Result: 22434
Status of facilities: 1 0 1 1 1 1 1 1 1 1 1 1 0 1 1 1 1 0 1 1 1 1 1 0 1 0 0 1 1 0 
The assignment of customers to facilities: 18 19 21 27 2 6 15 27 22 28 4 28 13 13 28 18 3 20 22 0 18 16 5 24 10 18 27 19 4 2 19 19 4 16 27 6 20 8 24 16 18 9 6 4 8 19 13 21 19 14 24 16 24 16 8 6 11 9 18 7 4 0 7 8 13 11 5 14 28 11 18 6 19 9 5 13 20 5 8 16 10 0 9 7 4 13 6 5 27 7 28 6 7 11 2 3 11 6 0 28 28 15 11 18 4 0 4 24 22 3 19 4 27 6 11 8 28 7 14 8 9 11 28 19 9 16 2 11 19 0 28 24 11 20 5 9 3 3 28 10 11 22 11 11 7 5 24 15 27 7 24 0 10 0 8 11 2 15 3 13 13 27 10 24 5 27 5 4 3 21 5 20 19 14 4 2 0 10 4 10 5 21 2 19 11 8 28 10 0 21 2 21 6 4 7 6 7 15 10 19 
Time cost: 4.261342287063599s

Result: 22365
Status of facilities: 1 0 1 1 1 0 1 1 1 1 1 1 1 0 1 0 1 1 1 1 0 1 1 1 0 0 0 1 1 1 
The assignment of customers to facilities: 18 19 21 27 2 12 21 27 22 28 4 28 10 3 28 18 3 10 22 0 18 16 23 0 10 18 27 19 29 2 19 19 4 16 27 6 8 8 16 16 18 9 6 4 8 19 3 21 19 14 0 16 2 16 8 6 11 9 18 7 29 0 7 8 3 11 23 14 28 12 18 12 19 9 23 23 10 23 8 16 10 0 9 7 29 10 6 2 27 7 28 6 7 11 2 3 11 6 0 28 28 21 12 18 4 0 4 27 22 3 19 4 27 12 12 8 28 7 17 8 9 11 17 19 9 16 2 11 19 17 28 21 11 10 23 9 3 3 28 10 12 22 11 11 11 2 16 21 27 7 27 17 23 0 8 11 2 16 3 3 3 27 10 2 23 27 23 4 3 21 23 8 19 14 4 2 0 10 29 10 2 21 2 19 12 8 28 23 0 21 2 21 6 4 7 12 7 21 10 19 
Time cost: 4.3071935176849365s

Result: 22182
Status of facilities: 1 0 1 1 1 1 1 1 1 1 1 0 1 1 1 0 1 1 0 1 0 0 1 0 1 1 0 1 1 1 
The assignment of customers to facilities: 7 19 2 27 2 12 2 27 22 28 4 28 13 13 28 7 3 10 22 0 27 16 5 24 10 27 27 19 29 2 19 19 4 16 27 6 8 8 24 16 7 9 6 4 8 19 13 2 19 14 24 16 24 16 8 6 25 9 22 7 29 0 7 8 13 25 5 14 28 25 7 12 19 9 5 13 10 5 8 16 10 0 9 25 29 13 6 5 27 7 28 6 25 25 2 3 28 6 0 28 28 16 25 7 4 0 4 24 22 3 19 4 27 12 12 8 28 7 17 8 9 25 17 19 9 16 2 12 19 17 28 24 25 10 5 9 3 3 28 10 12 22 12 25 25 5 24 16 27 25 24 17 10 0 8 28 2 16 3 13 13 27 10 24 5 27 5 4 3 2 5 8 19 14 4 2 0 10 29 10 5 16 2 19 12 8 28 10 0 24 2 2 6 4 7 12 7 2 10 19 
Time cost: 4.325576543807983s

Result: 22607
Status of facilities: 1 0 1 1 1 1 1 1 1 0 1 1 1 0 0 1 1 1 1 1 1 0 1 1 1 0 1 0 0 0 
The assignment of customers to facilities: 18 19 2 22 2 12 15 0 22 17 4 17 10 3 19 18 3 20 22 0 18 16 5 24 10 18 24 19 4 2 19 19 4 16 18 6 20 8 24 16 18 8 6 4 8 19 3 2 19 20 24 16 24 16 8 6 11 8 18 7 4 0 7 8 3 11 5 17 19 12 18 12 19 8 23 23 20 23 8 16 10 0 26 7 4 10 6 5 24 7 17 6 7 11 2 3 11 6 0 17 17 15 12 18 4 0 4 24 22 3 19 4 18 12 12 8 11 7 17 8 26 11 17 19 26 16 2 11 26 17 11 24 11 20 23 8 3 3 17 10 12 22 11 11 11 5 24 15 18 11 24 17 23 0 8 11 2 15 3 3 3 0 10 24 5 24 5 4 3 15 5 20 19 10 26 2 0 10 4 10 5 15 2 19 12 8 11 23 0 24 2 16 6 4 7 12 7 15 10 19 
Time cost: 4.3118486404418945s

Result: 22527
Status of facilities: 1 0 1 1 1 1 1 1 1 1 1 1 1 0 1 0 1 1 0 0 1 0 0 1 1 1 0 1 1 0 
The assignment of customers to facilities: 7 6 2 27 2 12 2 27 27 28 4 28 10 3 28 7 3 20 27 0 27 16 5 24 10 27 27 14 4 2 6 4 4 16 27 6 20 8 24 16 7 9 6 4 8 4 3 2 14 14 24 16 24 16 8 6 11 9 27 25 4 0 7 8 3 11 5 14 28 25 7 12 6 9 23 23 20 23 8 16 10 0 9 25 4 10 6 5 27 7 28 6 25 25 2 3 11 6 0 28 28 16 25 7 4 0 4 24 27 3 14 4 27 12 12 8 28 7 17 8 9 11 17 6 9 16 2 11 4 17 28 24 25 20 23 9 3 3 28 10 12 27 11 11 25 5 24 16 27 25 24 17 23 0 8 11 2 16 3 3 3 27 10 24 5 27 5 4 3 2 5 20 28 14 4 2 0 10 4 10 5 16 2 6 12 8 28 23 0 2 2 2 6 4 7 12 7 2 10 6 
Time cost: 4.346608400344849s

Result: 21753
Status of facilities: 1 0 1 1 1 1 1 1 1 0 1 1 0 0 0 0 1 1 0 1 1 1 1 0 1 1 0 1 1 0 
The assignment of customers to facilities: 7 19 21 27 2 6 21 27 22 28 4 28 10 3 28 7 3 20 22 0 27 16 5 24 10 27 27 19 4 2 19 19 4 16 27 6 20 8 24 16 7 8 6 4 8 19 3 21 19 20 24 16 24 16 8 6 11 8 22 7 4 0 7 8 3 11 5 17 28 25 7 6 19 8 5 10 20 5 8 16 10 0 8 25 4 10 6 5 27 7 28 6 25 25 2 3 11 6 0 28 28 21 25 7 4 0 4 24 22 3 19 4 27 6 11 8 28 7 17 8 20 11 17 19 4 16 2 11 19 17 28 24 25 20 5 8 3 3 28 10 11 22 11 11 25 5 24 21 27 25 24 17 10 0 8 11 2 16 3 3 3 27 10 24 5 27 5 4 3 21 5 20 19 10 4 2 0 10 4 10 5 21 2 6 11 8 28 10 0 21 2 21 6 4 7 6 7 21 10 19 
Time cost: 4.193669080734253s

Result: 22053
Status of facilities: 1 0 1 1 1 1 1 1 1 0 1 1 1 1 0 0 0 0 1 1 1 1 1 0 1 1 1 1 1 0 
The assignment of customers to facilities: 18 19 21 27 2 12 21 27 22 28 4 28 13 13 28 18 3 20 22 0 18 21 5 24 10 18 27 19 4 2 19 19 4 21 27 6 20 8 24 21 18 8 6 4 8 19 13 21 19 20 24 24 24 21 8 6 11 8 18 7 4 0 7 8 13 11 5 19 28 25 18 12 19 8 5 13 20 5 8 24 10 0 26 25 4 13 6 5 27 7 28 6 25 25 2 3 11 6 0 28 28 21 25 18 4 0 4 24 22 3 19 4 27 12 12 8 28 7 0 8 26 11 28 19 26 21 2 11 26 0 28 24 25 20 5 8 3 3 28 10 12 22 11 11 25 5 24 21 27 25 24 0 10 0 8 11 2 21 3 13 13 27 10 24 5 27 5 4 3 21 5 20 19 10 26 2 0 10 4 10 5 21 2 6 12 8 28 10 0 21 2 21 6 4 7 12 7 21 10 19 
Time cost: 4.192988157272339s

Result: 22153
Status of facilities: 1 1 1 1 1 1 1 1 1 1 1 1 0 0 0 0 1 1 0 1 0 0 1 0 1 1 0 0 1 0 
The assignment of customers to facilities: 7 19 2 22 2 6 2 28 22 28 4 28 10 1 28 7 1 10 22 0 11 16 5 24 10 11 24 19 4 2 19 19 4 16 28 6 8 8 24 16 7 9 6 4 8 19 3 2 19 10 24 16 24 16 8 6 11 9 22 25 4 0 7 8 3 11 5 17 28 25 7 6 19 9 5 10 10 5 8 16 10 0 9 25 4 10 6 5 24 7 28 6 25 25 2 3 11 6 0 28 28 16 25 7 4 0 4 24 22 3 19 4 22 6 11 8 28 7 17 8 9 11 17 19 9 16 2 11 19 17 28 24 25 10 1 9 3 3 28 10 11 22 11 11 25 5 24 16 22 25 24 17 10 0 8 11 2 16 3 3 1 0 10 24 5 24 5 4 3 2 1 8 19 10 4 2 0 10 4 10 5 16 2 19 11 8 28 10 0 24 2 2 6 4 7 6 7 2 10 19 
Time cost: 4.189794301986694s

Result: 21847
Status of facilities: 1 0 1 1 1 1 1 1 1 1 1 1 0 1 0 0 1 0 0 1 0 1 0 0 1 1 1 1 1 0 
The assignment of customers to facilities: 7 19 21 27 2 6 21 27 27 28 4 28 13 13 28 7 3 10 27 0 27 16 5 24 10 27 27 19 4 2 19 19 4 16 27 6 8 8 24 16 7 9 6 4 8 19 13 21 19 10 24 16 24 16 8 6 11 9 27 25 4 0 7 8 13 11 5 19 28 25 7 6 19 9 5 13 10 5 8 16 10 0 9 25 4 13 6 5 27 7 28 6 25 25 2 3 11 6 0 28 28 21 25 7 4 0 4 24 27 3 19 4 27 6 11 8 28 7 0 8 26 11 28 19 26 16 2 11 26 0 28 24 25 10 5 9 3 3 28 10 11 27 11 11 25 5 24 21 27 25 24 0 10 0 8 11 2 16 3 13 13 27 10 24 5 27 5 4 3 21 5 8 19 10 26 2 0 10 4 10 5 21 2 6 11 8 28 10 0 21 2 21 6 4 7 6 7 21 10 19 
Time cost: 4.210628509521484s

Result: 22453
Status of facilities: 1 1 1 0 1 1 1 1 1 1 1 1 1 1 1 0 0 0 1 1 1 1 1 0 1 1 0 0 1 0 
The assignment of customers to facilities: 18 19 21 22 2 12 21 28 22 28 4 28 13 1 28 18 1 20 22 0 18 21 5 24 10 18 24 19 4 2 19 19 4 21 28 6 20 8 24 21 18 9 6 4 8 19 13 21 19 14 24 24 24 21 8 6 11 9 18 25 4 0 7 8 13 11 5 14 28 25 18 12 19 9 5 13 20 5 8 24 10 0 9 25 4 13 6 5 24 7 28 6 25 25 2 13 11 6 0 28 28 21 25 18 4 0 4 24 22 13 19 4 18 12 12 8 28 7 14 8 9 11 28 19 9 21 2 11 19 0 28 24 25 20 1 9 1 13 28 10 12 22 11 11 25 5 24 21 18 25 24 0 10 0 8 11 2 21 13 13 13 0 10 24 5 24 5 4 1 21 1 20 19 14 4 2 0 10 4 10 5 21 2 19 12 8 28 10 0 21 2 21 6 4 7 12 7 21 10 19 
Time cost: 4.1865949630737305s

Result: 22060
Status of facilities: 1 1 1 0 1 1 1 1 1 1 1 1 0 1 0 1 1 1 0 1 0 0 1 0 1 1 0 1 1 0 
The assignment of customers to facilities: 7 19 2 27 2 6 15 27 22 28 4 28 13 1 28 7 1 10 22 0 27 16 5 24 10 27 27 19 4 2 19 19 4 16 27 6 8 8 24 16 7 9 6 4 8 19 13 2 19 10 24 16 24 16 8 6 11 9 22 7 4 0 7 8 13 11 5 17 28 25 7 6 19 9 5 13 10 5 8 16 10 0 9 25 4 13 6 5 27 7 28 6 25 25 2 13 11 6 0 28 28 15 25 7 4 0 4 24 22 13 19 4 27 6 11 8 28 7 17 8 9 11 17 19 9 16 2 11 19 17 28 24 25 10 1 9 1 13 28 10 11 22 11 11 25 5 24 15 27 25 24 17 10 0 8 11 2 15 13 13 13 27 10 24 5 27 5 4 1 15 1 8 19 10 4 2 0 10 4 10 5 15 2 19 11 8 28 10 0 24 2 2 6 4 7 6 7 15 10 19 
Time cost: 4.170006990432739s

Result: 22142
Status of facilities: 1 0 1 1 1 1 1 1 1 1 1 0 1 0 1 0 0 1 1 1 0 1 0 1 1 1 1 1 1 0 
The assignment of customers to facilities: 18 19 21 27 2 12 21 27 27 28 4 28 10 3 28 18 3 10 27 0 18 21 5 24 10 18 27 19 4 2 19 19 4 21 27 6 8 8 24 21 18 9 6 4 8 19 3 21 19 14 24 24 24 21 8 6 25 9 18 25 4 0 7 8 3 25 5 14 28 25 18 12 6 9 23 23 10 23 8 24 10 0 9 25 4 10 6 5 27 7 28 6 25 25 2 3 28 6 0 28 28 21 25 18 4 0 4 24 27 3 19 4 27 12 12 8 28 7 17 8 26 25 17 19 26 21 2 12 26 17 28 24 25 10 23 9 3 3 28 10 12 27 12 25 25 5 24 21 27 25 24 17 23 0 8 28 2 21 3 3 3 27 10 24 5 27 5 4 3 21 5 8 19 14 26 2 0 10 4 10 5 21 2 19 12 8 28 23 0 21 2 21 6 4 7 12 7 21 10 19 
Time cost: 4.1672961711883545s

Result: 21884
Status of facilities: 1 0 1 1 1 1 1 1 1 1 1 0 1 1 0 0 1 1 1 0 0 1 0 0 1 1 0 1 1 0 
The assignment of customers to facilities: 18 6 21 27 2 12 21 27 18 28 4 28 13 13 28 18 3 10 27 0 18 16 5 24 10 18 27 28 4 2 6 4 4 16 27 6 8 8 24 16 18 9 6 4 8 4 13 21 6 10 24 16 24 16 8 6 25 9 18 7 4 0 7 8 13 25 5 17 28 25 18 12 6 9 5 13 10 5 8 16 10 0 9 25 4 13 6 5 27 7 28 6 25 25 2 3 28 6 0 28 28 21 25 18 4 0 4 24 27 3 6 4 27 12 12 8 28 7 17 8 9 25 17 6 9 16 2 12 4 17 28 24 25 10 5 9 3 3 28 10 12 27 12 25 25 5 24 21 27 25 24 17 10 0 8 28 2 16 3 13 13 27 10 24 5 27 5 4 3 21 5 8 28 10 4 2 0 10 4 10 5 21 2 6 12 8 28 10 0 21 2 21 6 4 7 12 7 21 10 6 
Time cost: 4.292837858200073s

