Begin: 83394

Result: 28478
Status of facilities: 1 0 1 0 1 1 1 1 1 1 1 0 0 1 1 0 1 0 0 1 1 0 0 0 1 0 0 0 1 1 
The assignment of customers to facilities: 7 19 2 24 2 6 2 28 24 28 4 28 13 13 28 7 13 20 16 0 28 16 5 24 10 7 24 19 29 2 19 19 4 16 28 6 20 8 24 16 7 9 6 4 8 19 13 2 19 14 24 16 24 16 8 6 7 9 7 7 29 0 7 8 13 6 5 14 28 6 7 6 19 9 5 13 20 5 8 16 10 0 9 7 29 13 6 5 24 7 28 6 7 7 2 13 28 6 0 28 28 16 6 7 4 0 4 24 16 13 19 4 24 6 6 8 28 7 14 8 9 28 28 19 9 16 2 28 19 0 28 24 6 20 5 9 13 13 28 10 6 24 28 7 7 5 24 16 24 7 24 0 10 0 8 28 2 16 13 13 13 0 10 24 5 0 5 4 13 2 5 20 19 14 4 2 0 10 29 10 5 16 2 19 6 8 28 10 0 24 2 16 6 4 7 6 7 2 10 19 
Time cost: 4.477112531661987s

Result: 27136
Status of facilities: 1 1 1 1 1 1 1 1 1 1 1 0 1 0 1 0 1 0 0 0 0 0 0 0 1 1 0 1 1 0 
The assignment of customers to facilities: 7 6 2 27 2 12 2 27 27 28 4 28 10 1 28 7 1 10 27 0 27 16 5 24 10 27 27 14 4 2 6 4 4 16 27 6 8 8 24 16 7 9 6 4 8 4 3 2 14 14 24 16 24 16 8 6 25 9 27 7 4 0 7 8 3 12 5 14 28 25 7 12 6 9 5 10 10 5 8 16 10 0 9 25 4 10 6 5 27 7 28 6 25 25 2 3 28 6 0 28 28 16 25 7 4 0 4 24 27 3 14 4 27 12 12 8 28 7 14 8 9 25 28 6 9 16 2 12 4 0 28 24 25 10 1 9 3 3 28 10 12 27 12 25 25 5 24 16 27 25 24 0 10 0 8 28 2 16 3 3 1 27 10 24 5 27 5 4 3 2 1 8 28 14 4 2 0 10 4 10 5 16 2 6 12 8 28 10 0 2 2 2 6 4 7 12 7 2 10 6 
Time cost: 4.409774303436279s

Result: 27565
Status of facilities: 1 0 1 1 1 1 1 1 1 1 1 1 0 1 0 1 0 0 1 1 0 0 1 0 0 0 0 1 0 0 
The assignment of customers to facilities: 18 19 2 27 2 6 15 27 22 27 4 19 13 13 19 18 3 10 22 0 18 15 5 0 10 18 27 19 4 2 19 19 4 15 27 6 8 8 27 15 18 9 6 4 8 19 13 2 19 10 0 22 2 15 8 6 11 9 18 7 4 0 7 8 13 11 5 19 19 11 18 6 19 9 5 13 10 5 8 22 10 0 9 7 4 13 6 5 27 7 27 6 7 11 2 3 11 6 0 11 19 15 11 18 4 0 4 27 22 3 19 4 27 6 11 8 11 7 0 8 9 11 0 19 9 15 2 11 19 0 11 2 11 10 5 9 3 3 11 10 11 22 11 11 7 5 27 15 27 7 27 0 10 0 8 11 2 15 3 13 13 27 10 2 5 27 5 4 3 15 5 8 19 10 4 2 0 10 4 10 5 15 2 19 11 8 11 10 0 2 2 2 6 4 7 6 7 15 10 19 
Time cost: 4.467822074890137s

Result: 27993
Status of facilities: 1 0 1 1 1 1 1 1 1 1 1 1 1 0 1 0 0 0 1 1 0 0 0 0 1 0 1 0 1 0 
The assignment of customers to facilities: 18 19 2 24 2 12 2 28 18 28 4 28 10 3 28 18 3 10 24 0 18 24 5 24 10 18 24 19 4 2 19 19 4 24 28 6 8 8 24 24 18 9 6 4 8 19 3 2 19 14 24 24 24 24 8 6 11 9 18 7 4 0 7 8 3 11 5 14 28 12 18 12 19 9 5 10 10 5 8 24 10 0 9 7 4 10 6 5 24 7 28 6 7 11 0 3 11 6 0 28 28 2 12 18 4 0 4 24 24 3 19 4 18 12 12 8 28 7 14 8 26 11 28 19 26 24 2 11 26 0 28 24 11 10 5 9 3 3 28 10 12 18 11 11 11 5 24 2 18 7 24 0 10 0 8 11 2 2 3 3 3 0 10 2 5 28 5 4 3 2 5 8 19 14 26 2 0 10 4 10 5 2 2 19 12 8 28 10 0 2 2 2 6 4 7 12 7 2 10 19 
Time cost: 4.3726115226745605s

Result: 27783
Status of facilities: 1 0 1 1 1 1 1 1 1 0 1 0 1 0 0 0 0 1 1 1 1 1 1 0 0 0 1 0 0 0 
The assignment of customers to facilities: 18 19 21 22 2 12 21 0 22 17 4 17 10 3 19 18 3 20 22 0 18 21 5 0 10 18 22 19 4 2 19 19 4 21 18 6 20 8 21 21 18 8 6 4 8 19 3 21 19 20 0 22 2 21 8 6 18 8 18 7 4 0 7 8 3 12 5 17 19 12 18 12 19 8 5 10 20 5 8 22 10 0 26 7 4 10 6 5 22 7 17 6 7 7 2 3 18 6 0 17 17 21 12 18 4 0 4 21 22 3 19 4 18 12 12 8 17 7 17 8 26 12 17 19 26 21 2 12 26 17 17 21 12 20 5 8 3 3 17 10 12 22 12 12 7 5 21 21 18 7 0 17 10 0 8 12 2 21 3 3 3 0 10 2 5 18 5 4 3 21 5 20 19 10 26 2 0 10 4 10 5 21 2 19 12 8 12 10 0 21 2 21 6 4 7 12 7 21 10 19 
Time cost: 4.202729940414429s

Result: 27825
Status of facilities: 1 0 1 1 1 1 1 1 1 1 1 0 1 0 1 0 0 0 0 0 1 1 1 1 0 0 0 1 0 0 
The assignment of customers to facilities: 7 6 21 27 2 12 21 27 22 27 4 14 10 3 6 7 3 20 22 0 27 21 5 0 10 27 27 14 4 2 6 4 4 21 27 6 20 8 27 21 7 9 6 4 8 4 3 21 14 14 0 22 2 21 8 6 7 9 22 7 4 0 7 8 3 12 5 14 6 12 7 12 6 9 23 23 20 23 8 22 10 0 9 7 4 10 6 5 27 7 27 6 7 7 2 3 27 6 0 6 14 21 12 7 4 0 4 27 22 3 14 4 27 12 12 8 27 7 14 8 9 12 0 6 9 21 2 12 4 0 27 21 12 20 23 9 3 3 0 10 12 22 12 12 7 5 27 21 27 7 0 0 23 0 8 12 2 21 3 3 3 27 10 2 5 27 5 4 3 21 5 20 14 14 4 2 0 10 4 10 5 21 2 6 12 8 12 23 0 21 2 21 6 4 7 12 7 21 10 6 
Time cost: 4.216857671737671s

Result: 28233
Status of facilities: 1 1 1 1 1 1 1 1 1 1 1 0 1 0 1 1 0 1 0 0 0 0 1 0 0 1 0 0 1 0 
The assignment of customers to facilities: 7 6 2 22 2 12 15 28 22 28 4 28 10 1 28 7 1 10 22 0 7 15 5 0 10 7 22 14 4 2 6 4 4 15 28 6 8 8 22 15 7 9 6 4 8 4 3 2 14 14 0 22 2 15 8 6 25 9 22 7 4 0 7 8 3 25 5 14 28 25 7 12 6 9 5 10 10 5 8 22 10 0 9 25 4 10 6 5 22 7 28 6 25 25 2 3 28 6 0 28 28 15 25 7 4 0 4 22 22 3 14 4 22 12 12 8 28 7 17 8 9 25 17 6 9 15 2 12 4 17 28 2 25 10 1 9 3 3 28 10 12 22 12 25 25 5 22 15 22 25 0 17 10 0 8 28 2 15 3 3 1 0 10 2 5 0 5 4 3 15 1 8 28 14 4 2 0 10 4 10 5 15 2 6 12 8 28 10 0 2 2 2 6 4 7 12 7 15 10 6 
Time cost: 4.210972309112549s

Result: 27402
Status of facilities: 1 0 1 1 1 1 1 1 1 1 1 1 1 0 0 1 0 0 1 0 0 0 0 0 1 1 0 1 0 0 
The assignment of customers to facilities: 18 6 2 27 2 12 15 27 18 27 4 6 10 3 6 18 3 10 27 0 18 24 5 24 10 18 27 6 4 2 6 4 4 24 27 6 8 8 24 15 18 9 6 4 8 4 3 2 6 10 24 24 24 15 8 6 11 9 18 7 4 0 7 8 3 11 5 10 6 25 18 12 6 9 5 10 10 5 8 24 10 0 9 25 4 10 6 5 27 7 11 6 25 25 2 3 11 6 0 11 0 15 25 18 4 0 4 24 27 3 6 4 27 12 12 8 11 7 0 8 9 11 0 6 9 15 2 11 4 0 11 24 25 10 5 9 3 3 11 10 12 27 11 11 25 5 24 15 27 25 24 0 5 0 8 11 2 15 3 3 3 27 10 24 5 27 5 4 3 15 5 8 6 10 4 2 0 10 4 10 5 15 2 6 12 8 11 10 0 24 2 2 6 4 7 12 7 15 10 6 
Time cost: 4.216649293899536s

Result: 29289
Status of facilities: 1 0 1 1 1 1 1 1 1 1 1 0 0 1 1 0 0 1 1 0 0 0 0 0 0 0 0 0 1 0 
The assignment of customers to facilities: 18 6 2 18 2 6 2 28 18 28 4 28 13 13 28 18 3 10 18 0 18 2 5 0 10 18 18 14 4 5 6 4 4 2 28 6 8 8 0 5 18 9 6 4 8 4 13 2 14 14 0 2 2 0 8 6 18 9 18 7 4 0 7 8 13 7 5 14 28 7 18 6 6 9 5 13 10 5 8 2 10 0 9 7 4 13 4 5 18 7 28 6 7 7 2 3 28 6 0 28 28 2 7 18 4 0 4 0 18 3 14 4 18 6 6 8 28 7 17 8 9 7 17 6 9 2 2 28 4 17 28 0 7 10 5 9 3 3 28 10 6 18 28 7 7 5 0 2 18 7 0 17 10 0 8 28 2 2 3 13 13 0 10 0 5 28 5 4 3 2 5 8 28 14 4 5 0 10 4 10 5 5 2 6 6 8 28 10 0 2 2 2 6 4 7 6 7 2 10 6 
Time cost: 4.27363133430481s

Result: 28954
Status of facilities: 1 1 1 1 1 1 1 1 1 1 1 1 1 0 1 0 0 1 0 1 0 0 0 0 0 0 0 1 0 0 
The assignment of customers to facilities: 7 19 2 27 2 12 2 27 27 17 4 17 10 1 19 7 1 10 27 0 27 2 5 0 10 27 27 19 4 5 19 19 4 2 27 6 8 8 27 2 7 9 6 4 8 19 3 2 19 14 0 27 0 0 8 6 11 9 7 7 4 0 7 8 3 11 5 14 19 12 7 12 19 9 5 10 10 5 8 27 10 0 9 7 4 10 6 5 27 7 17 6 7 11 2 3 11 6 0 17 17 2 12 7 4 0 4 27 0 3 19 4 27 12 12 8 11 7 17 8 9 11 17 19 9 2 2 11 19 17 11 0 11 10 1 9 3 3 17 10 12 27 11 11 11 5 27 5 27 11 0 17 10 0 8 11 2 2 3 3 1 27 10 2 5 27 5 4 3 2 1 8 19 14 4 2 0 10 4 10 5 5 2 19 12 8 11 10 0 2 2 2 6 4 7 12 7 2 10 19 
Time cost: 4.251786231994629s

Result: 28233
Status of facilities: 1 0 1 1 1 1 1 1 1 1 1 1 0 1 1 0 1 0 1 0 0 0 1 1 0 0 0 0 0 0 
The assignment of customers to facilities: 18 6 2 22 2 6 2 0 22 0 4 14 13 13 6 18 3 10 22 0 18 16 5 0 10 18 22 14 4 2 6 4 4 16 18 6 8 8 16 16 18 9 6 4 8 4 13 2 14 14 0 16 2 16 8 6 11 9 18 7 4 0 7 8 13 11 5 14 6 11 18 6 6 9 23 23 10 23 8 16 10 0 9 7 4 13 6 5 22 7 11 6 7 11 2 3 11 6 0 6 14 16 7 18 4 0 4 16 22 3 14 4 18 6 11 8 11 7 14 8 9 11 0 6 9 16 2 11 4 0 11 16 11 10 23 9 3 3 11 10 11 22 11 11 7 5 16 16 18 7 0 0 23 0 8 11 2 16 3 13 13 0 10 2 5 18 5 4 3 2 5 8 14 14 4 2 0 10 4 10 5 16 2 6 11 8 11 23 0 2 2 2 6 4 7 6 7 2 10 6 
Time cost: 4.351220369338989s

Result: 26937
Status of facilities: 1 0 1 1 1 1 1 1 1 1 1 0 1 0 0 0 1 1 0 0 0 0 0 1 1 0 0 1 1 0 
The assignment of customers to facilities: 7 6 2 27 2 12 2 27 27 28 4 28 10 3 28 7 3 10 27 0 27 16 5 24 10 27 27 28 4 2 6 4 4 16 27 6 8 8 24 16 7 9 6 4 8 4 3 2 6 10 24 16 24 16 8 6 7 9 27 7 4 0 7 8 3 12 5 17 28 12 7 12 6 9 23 23 10 23 8 16 10 0 9 7 4 10 6 5 27 7 28 6 7 7 2 3 28 6 0 28 28 16 12 7 4 0 4 24 27 3 6 4 27 12 12 8 28 7 17 8 9 12 17 6 9 16 2 12 4 17 28 24 12 10 23 9 3 3 28 10 12 27 12 12 7 5 24 16 27 7 24 17 23 0 8 28 2 16 3 3 3 27 10 24 5 27 5 4 3 2 5 8 28 10 4 2 0 10 4 10 5 16 2 6 12 8 28 23 0 24 2 2 6 4 7 12 7 2 10 6 
Time cost: 4.453414678573608s

Result: 26469
Status of facilities: 1 0 1 1 1 1 1 1 1 1 1 1 0 0 1 0 1 0 0 0 0 1 0 0 0 0 0 1 1 0 
The assignment of customers to facilities: 7 6 21 27 2 6 21 27 27 28 4 28 10 3 28 7 3 10 27 0 27 16 5 0 10 27 27 14 4 2 6 4 4 16 27 6 8 8 16 16 7 9 6 4 8 4 3 21 14 14 0 16 2 16 8 6 11 9 27 7 4 0 7 8 3 11 5 14 28 11 7 6 6 9 5 10 10 5 8 16 10 0 9 7 4 10 6 5 27 7 28 6 7 11 2 3 11 6 0 28 28 21 11 7 4 0 4 27 27 3 14 4 27 6 11 8 28 7 14 8 9 11 28 6 9 16 2 11 4 0 28 21 11 10 5 9 3 3 28 10 11 27 11 11 11 5 16 21 27 11 27 0 10 0 8 11 2 16 3 3 3 27 10 2 5 27 5 4 3 21 5 8 28 14 4 2 0 10 4 10 5 21 2 6 11 8 28 10 0 21 2 21 6 4 7 6 7 21 10 6 
Time cost: 4.4558186531066895s

Result: 26994
Status of facilities: 1 0 1 1 1 1 1 1 1 1 1 0 1 0 0 0 0 1 0 0 0 1 1 0 1 1 0 0 0 0 
The assignment of customers to facilities: 7 6 21 22 2 12 21 0 22 17 4 17 10 3 6 7 3 10 22 0 7 21 5 24 10 7 24 17 4 2 6 4 4 21 24 6 8 8 24 21 7 9 6 4 8 4 3 21 6 10 24 24 24 21 8 6 25 9 22 7 4 0 7 8 3 25 5 17 6 25 7 12 6 9 5 10 10 5 8 24 10 0 9 25 4 10 6 5 24 7 17 6 25 25 2 3 17 6 0 17 17 21 25 7 4 0 4 24 22 3 6 4 22 12 12 8 17 7 17 8 9 25 17 6 9 21 2 12 4 17 17 24 25 10 5 9 3 3 17 10 12 22 12 25 25 5 24 21 22 25 24 17 10 0 8 12 2 21 3 3 3 0 10 24 5 24 5 4 3 21 5 8 17 10 4 2 0 10 4 10 5 21 2 6 12 8 12 10 0 21 2 21 6 4 7 12 7 21 10 6 
Time cost: 4.397718191146851s

Result: 27901
Status of facilities: 1 0 1 1 1 1 1 1 1 1 1 0 1 0 0 1 1 0 0 0 0 1 0 1 1 0 1 0 1 0 
The assignment of customers to facilities: 7 6 21 24 2 12 15 28 24 28 4 28 10 3 28 7 3 10 16 0 7 16 5 24 10 7 24 28 4 2 6 26 4 16 28 6 8 8 24 16 7 9 6 4 8 26 3 21 6 10 24 16 24 16 8 6 12 9 7 7 4 0 7 8 3 12 5 28 28 12 7 12 6 9 23 23 10 23 8 16 10 0 9 7 4 10 6 5 24 7 28 6 7 7 2 3 28 6 0 28 28 15 12 7 4 0 4 24 16 3 26 4 24 12 12 8 28 7 0 8 26 12 28 6 26 16 2 12 26 0 28 24 12 10 23 9 3 3 28 10 12 24 12 12 7 5 24 15 24 7 24 0 23 0 8 28 2 15 3 3 3 0 10 24 5 24 5 4 3 21 5 8 28 10 26 2 0 10 4 10 5 21 2 6 12 8 28 23 0 21 2 21 6 4 7 12 7 15 10 6 
Time cost: 4.37315034866333s

Result: 28583
Status of facilities: 1 0 1 1 1 1 1 1 1 0 1 1 0 0 1 0 0 0 0 1 1 0 0 1 0 1 0 1 1 0 
The assignment of customers to facilities: 7 19 2 27 5 6 2 27 27 28 4 28 10 3 28 7 3 20 27 0 11 2 5 0 10 27 27 19 4 2 19 19 4 2 27 6 20 8 27 2 7 8 6 4 8 19 3 2 19 14 0 27 0 2 8 6 11 8 7 25 4 0 7 8 3 11 5 14 28 25 7 6 6 8 23 23 20 23 8 27 10 0 8 25 4 10 6 5 27 7 28 6 25 25 0 3 11 6 0 28 28 2 25 7 4 0 4 27 27 3 19 4 27 6 11 8 28 7 14 8 14 11 28 19 4 2 2 11 19 0 28 2 25 20 23 8 3 3 28 10 11 0 11 11 25 5 27 5 27 25 27 0 23 0 8 11 2 2 3 3 3 27 10 0 5 27 5 4 3 2 5 20 19 14 4 2 0 10 4 10 5 2 2 19 11 8 28 23 0 2 2 2 6 4 7 6 7 2 10 19 
Time cost: 4.261151552200317s

Result: 27553
Status of facilities: 1 0 1 1 1 1 1 1 1 1 1 1 1 1 0 1 0 0 0 0 0 1 0 0 0 1 0 1 1 0 
The assignment of customers to facilities: 7 6 21 27 2 12 15 27 27 28 4 28 13 13 28 7 3 10 27 0 27 21 5 0 10 27 27 28 4 2 6 4 4 21 27 6 8 8 27 15 7 9 6 4 8 4 13 21 6 10 0 21 2 21 8 6 11 9 7 7 4 0 7 8 13 11 5 28 28 25 7 12 6 9 5 13 10 5 8 21 10 0 9 25 4 13 6 5 27 7 28 6 25 25 2 3 11 6 0 28 28 15 25 7 4 0 4 27 27 3 6 4 27 12 12 8 28 7 0 8 9 11 28 6 9 21 2 11 4 0 28 21 25 10 5 9 3 3 28 10 12 27 11 11 25 5 27 15 27 25 0 0 10 0 8 11 2 15 3 13 13 27 10 2 5 27 5 4 3 21 5 8 28 10 4 2 0 10 4 10 5 21 2 6 12 8 28 10 0 21 2 21 6 4 7 12 7 15 10 6 
Time cost: 4.2135515213012695s

Result: 28300
Status of facilities: 1 1 1 1 1 1 1 1 1 0 1 1 0 0 1 0 1 0 1 0 1 0 0 0 1 0 0 0 0 1 
The assignment of customers to facilities: 18 6 2 24 2 6 16 0 18 0 4 14 10 1 6 18 1 20 24 0 18 16 5 24 10 18 24 14 29 2 6 4 4 16 18 6 20 8 24 16 18 8 6 4 8 4 3 2 14 14 24 16 24 16 8 6 11 8 18 7 29 0 7 8 3 11 5 14 6 7 18 6 6 8 5 10 20 5 8 16 10 0 8 7 29 10 6 5 24 7 11 6 7 11 2 3 11 6 0 11 14 16 11 18 4 0 4 24 16 3 14 4 18 6 11 8 11 7 14 8 14 11 0 6 4 16 2 11 4 0 11 24 11 20 1 8 3 3 11 10 11 18 11 11 7 5 24 16 18 7 24 0 10 0 8 11 2 16 3 3 1 0 10 24 5 24 5 4 3 2 1 20 14 14 4 2 0 10 29 10 5 16 2 6 11 8 11 10 0 2 2 2 6 4 7 6 7 2 10 6 
Time cost: 4.213369369506836s

Result: 27674
Status of facilities: 1 0 1 1 1 1 1 1 1 1 1 1 0 0 0 0 1 1 1 1 0 0 0 0 1 0 1 1 1 0 
The assignment of customers to facilities: 18 19 2 27 2 6 2 27 18 28 4 28 10 3 28 18 3 10 27 0 18 16 5 24 10 18 27 19 4 2 19 19 4 16 27 6 8 8 24 16 18 9 6 4 8 19 3 2 19 10 24 16 24 16 8 6 11 9 18 7 4 0 7 8 3 11 5 17 28 11 18 6 19 9 5 10 10 5 8 16 10 0 9 7 4 10 6 5 27 7 28 6 7 11 2 3 11 6 0 28 28 16 11 18 4 0 4 24 27 3 19 4 27 6 11 8 28 7 17 8 26 11 17 19 26 16 2 11 26 17 28 24 11 10 5 9 3 3 28 10 11 27 11 11 11 5 24 16 27 11 24 17 10 0 8 11 2 16 3 3 3 27 10 24 5 27 5 4 3 2 5 8 19 10 26 2 0 10 4 10 5 16 2 19 11 8 28 10 0 2 2 2 6 4 7 6 7 2 10 19 
Time cost: 4.236568927764893s

Result: 27715
Status of facilities: 1 0 1 1 1 1 1 1 1 1 1 1 0 1 0 1 0 0 1 1 0 0 0 1 1 0 0 0 0 0 
The assignment of customers to facilities: 18 19 2 24 2 6 15 0 18 0 4 19 13 13 19 18 3 10 24 0 18 24 5 24 10 18 24 19 4 2 19 19 4 24 18 6 8 8 24 15 18 9 6 4 8 19 13 2 19 10 24 24 24 15 8 6 11 9 18 7 4 0 7 8 13 11 5 19 19 11 18 6 19 9 23 23 10 23 8 24 10 0 9 7 4 13 6 5 24 7 11 6 7 11 2 3 11 6 0 11 19 15 11 18 4 0 4 24 24 3 19 4 18 6 11 8 11 7 0 8 9 11 0 19 9 15 2 11 19 0 11 24 11 10 23 9 3 3 0 10 11 18 6 11 11 5 24 15 18 7 24 0 23 0 8 11 2 15 3 13 13 0 10 24 5 24 5 4 3 15 5 8 19 10 4 2 0 10 4 10 5 15 2 19 11 8 11 23 0 2 2 2 6 4 7 6 7 15 10 19 
Time cost: 4.246551990509033s

Result: 26978
Status of facilities: 1 0 1 1 1 1 1 1 1 0 1 0 1 1 0 0 1 0 0 0 0 1 1 0 1 0 1 0 1 0 
The assignment of customers to facilities: 7 6 21 22 2 12 21 28 22 28 4 28 13 13 28 7 3 10 22 0 7 16 5 24 10 7 24 28 4 2 6 26 4 16 28 6 8 8 24 16 7 8 6 4 8 26 13 21 6 10 24 16 24 16 8 6 7 8 22 7 4 0 7 8 13 12 5 28 28 12 7 12 6 8 5 13 10 5 8 16 10 0 26 7 4 13 6 5 24 7 28 6 7 7 2 3 28 6 0 28 28 21 12 7 4 0 4 24 22 3 26 4 22 12 12 8 28 7 0 8 26 12 28 6 26 16 2 12 26 0 28 24 12 10 5 8 3 3 28 10 12 22 12 12 7 5 24 21 22 7 24 0 10 0 8 28 2 16 3 13 13 0 10 24 5 24 5 4 3 21 5 8 28 10 26 2 0 10 4 10 5 21 2 6 12 8 28 10 0 21 2 21 6 4 7 12 7 21 10 6 
Time cost: 4.2484400272369385s

Result: 27266
Status of facilities: 1 1 1 1 1 1 1 1 1 1 1 0 1 0 0 0 0 0 1 1 0 0 0 0 1 1 0 0 1 0 
The assignment of customers to facilities: 18 19 2 24 2 12 2 28 18 28 4 28 10 1 28 18 1 10 24 0 18 24 5 24 10 18 24 19 4 2 19 19 4 24 28 6 8 8 24 24 18 9 6 4 8 19 3 2 19 10 24 24 2 24 8 6 25 9 18 25 4 0 7 8 3 25 5 19 28 25 18 12 19 9 5 10 10 5 8 24 10 0 9 25 4 10 6 5 24 7 28 6 25 25 0 3 28 6 0 28 28 2 25 18 4 0 4 24 24 3 19 4 18 12 12 8 28 7 0 8 9 25 28 19 9 24 2 12 19 0 28 24 25 10 1 9 3 3 28 10 12 18 12 25 25 5 24 2 18 25 24 0 10 0 8 28 2 2 3 3 1 0 10 24 5 28 5 4 3 2 1 8 19 10 4 2 0 10 4 10 5 2 2 19 12 8 28 10 0 2 2 2 6 4 7 12 7 2 10 19 
Time cost: 4.246049165725708s

Result: 27269
Status of facilities: 1 0 1 1 1 0 1 1 1 1 1 1 1 0 0 1 0 0 0 0 1 0 0 1 1 0 0 1 0 0 
The assignment of customers to facilities: 7 6 2 27 2 12 15 27 27 27 4 6 10 3 6 7 3 20 27 0 27 24 23 24 10 27 27 6 4 2 6 4 4 24 27 6 20 8 24 15 7 9 6 4 8 4 3 2 6 20 24 24 24 15 8 6 11 9 27 7 4 0 7 8 3 11 23 10 6 12 7 12 6 9 23 23 20 23 8 24 10 0 9 7 4 10 6 2 27 7 11 6 7 11 2 3 11 6 0 11 0 15 12 7 4 0 4 24 27 3 6 4 27 12 12 8 11 7 0 8 9 11 0 6 9 15 2 11 4 0 11 24 11 20 23 9 3 3 11 10 12 27 11 11 11 2 24 15 27 7 24 0 23 0 8 11 2 15 3 3 3 27 10 24 23 27 23 4 3 15 23 20 6 10 4 2 0 10 4 10 2 15 2 6 12 8 11 23 0 2 2 2 6 4 7 12 7 15 10 6 
Time cost: 4.215488433837891s

Result: 27633
Status of facilities: 1 0 1 1 1 1 1 1 1 0 1 0 1 0 0 1 0 1 1 0 0 0 0 1 0 0 1 1 0 0 
The assignment of customers to facilities: 18 6 2 27 2 12 15 27 18 17 4 17 10 3 6 18 3 10 27 0 18 15 5 0 10 18 27 17 4 2 6 26 4 15 27 6 8 8 27 15 18 8 6 4 8 26 3 2 6 10 0 27 2 15 8 6 18 8 18 7 4 0 7 8 3 12 5 17 6 12 18 12 6 8 23 23 10 23 8 27 10 0 26 7 4 10 6 5 27 7 17 6 7 7 2 3 27 6 0 17 17 15 12 18 4 0 4 27 27 3 26 4 27 12 12 8 17 7 17 8 26 12 17 6 26 15 2 12 26 17 27 2 12 10 23 8 3 3 17 10 12 27 12 12 7 5 27 15 27 7 0 17 23 0 8 12 2 15 3 3 3 27 10 2 5 27 5 4 3 15 5 8 17 10 26 2 0 10 4 10 5 15 2 6 12 8 12 23 0 2 2 2 6 4 7 12 7 15 10 6 
Time cost: 4.216084718704224s

Result: 28732
Status of facilities: 1 0 1 1 1 1 1 1 1 1 1 0 1 0 1 0 0 1 0 0 0 0 1 1 0 1 0 0 0 0 
The assignment of customers to facilities: 7 6 2 22 5 12 2 0 22 17 4 17 10 3 6 7 3 10 22 0 7 22 5 0 10 7 22 14 4 5 6 4 4 22 0 6 8 8 22 22 7 9 6 4 8 4 3 2 14 14 0 22 2 2 8 6 25 9 22 7 4 0 7 8 3 25 5 14 6 25 7 12 6 9 23 23 10 23 8 22 10 0 9 25 4 10 6 5 22 7 17 6 25 25 2 3 17 6 0 17 17 2 25 7 4 0 4 22 22 3 14 4 22 12 12 8 17 7 17 8 9 25 17 6 9 22 2 12 4 17 17 0 25 10 23 9 3 3 17 10 12 22 12 25 25 5 22 2 22 25 0 17 23 0 8 12 2 2 3 3 3 0 10 0 5 0 5 4 3 2 5 8 14 14 4 2 0 10 4 10 5 2 2 6 12 8 12 23 0 2 2 2 6 4 7 12 7 2 10 6 
Time cost: 4.203087091445923s

Result: 27416
Status of facilities: 1 0 1 1 1 1 1 1 1 0 1 1 0 0 0 0 1 0 1 1 1 0 1 0 0 0 1 1 0 0 
The assignment of customers to facilities: 18 19 2 27 2 6 2 27 22 27 4 19 10 3 19 18 3 20 22 0 18 16 5 0 10 18 27 19 4 2 19 19 4 16 27 6 20 8 16 16 18 8 6 4 8 19 3 2 19 20 0 16 2 16 8 6 11 8 18 7 4 0 7 8 3 11 5 19 19 11 18 6 19 8 5 10 20 5 8 16 10 0 26 7 4 10 6 5 27 7 11 6 7 11 2 3 11 6 0 11 19 16 11 18 4 0 4 27 22 3 19 4 27 6 6 8 11 7 0 8 26 11 0 19 26 16 2 11 26 0 11 16 11 20 5 8 3 3 11 10 11 22 11 11 7 5 16 16 27 7 27 0 10 0 8 11 2 16 3 3 3 27 10 2 5 27 5 4 3 2 5 20 19 10 26 2 0 10 4 10 5 16 2 19 11 8 11 10 0 2 2 2 6 4 7 6 7 2 10 19 
Time cost: 4.232486009597778s

Result: 28091
Status of facilities: 1 0 1 1 1 1 1 1 1 1 1 1 0 0 1 0 0 0 1 1 1 0 0 0 1 1 0 0 0 0 
The assignment of customers to facilities: 18 19 2 24 2 6 2 0 18 0 4 19 10 3 19 18 3 20 18 0 18 24 5 24 10 18 24 19 4 2 19 19 4 24 18 6 20 8 24 24 18 9 6 4 8 19 3 2 19 14 24 24 24 24 8 6 11 9 18 7 4 0 7 8 3 11 5 14 19 25 18 6 19 9 5 10 20 5 8 24 10 0 9 25 4 10 6 5 24 7 11 6 25 25 2 3 11 6 0 11 19 2 25 18 4 0 4 24 24 3 19 4 18 6 11 8 11 7 14 8 9 11 0 19 9 24 2 11 19 0 11 24 25 20 5 9 3 3 11 10 11 18 11 11 25 5 24 2 18 25 24 0 10 0 8 11 2 2 3 3 3 0 10 24 5 18 5 4 3 2 5 20 19 14 4 2 0 10 4 10 5 2 2 19 11 8 11 10 0 2 2 2 6 4 7 6 7 2 10 19 
Time cost: 4.386648416519165s

Result: 28451
Status of facilities: 1 0 1 1 1 1 1 1 1 1 1 1 1 1 0 0 1 0 1 0 0 0 0 1 0 0 0 1 0 1 
The assignment of customers to facilities: 18 6 2 27 2 12 2 27 18 27 4 6 13 13 6 18 3 10 27 0 18 16 5 0 10 18 27 6 29 2 6 4 4 16 27 6 8 8 16 16 18 9 6 4 8 4 13 2 6 10 0 16 2 16 8 6 11 9 18 7 29 0 7 8 13 11 5 10 6 12 18 12 6 9 23 23 10 23 8 16 10 0 9 7 29 13 6 5 27 7 11 6 7 11 2 3 11 6 0 11 0 16 12 18 4 0 4 27 27 3 6 4 27 12 12 8 11 7 0 8 9 11 0 6 9 16 2 11 4 0 11 16 11 10 23 9 3 3 11 10 12 27 11 11 7 5 16 16 27 11 27 0 23 0 8 11 2 16 3 13 13 27 10 2 5 27 5 4 3 2 5 8 6 10 4 2 0 10 29 10 5 16 2 6 12 8 11 23 0 2 2 2 6 4 7 12 7 2 10 6 
Time cost: 4.387853145599365s

Result: 27206
Status of facilities: 1 0 1 1 1 1 1 1 1 1 1 0 0 0 0 0 0 1 0 1 0 1 0 1 1 0 0 1 1 0 
The assignment of customers to facilities: 7 19 21 27 2 6 21 27 27 28 4 28 10 3 28 7 3 10 27 0 27 21 5 24 10 27 27 19 4 2 19 19 4 21 27 6 8 8 24 21 7 9 6 4 8 19 3 21 19 10 24 24 24 21 8 6 7 9 27 7 4 0 7 8 3 28 5 17 28 6 7 6 19 9 23 23 10 23 8 24 10 0 9 7 4 10 6 5 27 7 28 6 7 7 2 3 28 6 0 28 28 21 6 7 4 0 4 24 27 3 19 4 27 6 6 8 28 7 17 8 9 7 17 19 9 21 2 28 19 17 28 24 7 10 23 9 3 3 28 10 6 27 28 7 7 5 24 21 27 7 24 17 23 0 8 28 2 21 3 3 3 27 10 24 5 27 5 4 3 21 5 8 19 10 4 2 0 10 4 10 5 21 2 6 6 8 28 23 0 21 2 21 6 4 7 6 7 21 10 19 
Time cost: 4.468196392059326s

Result: 27512
Status of facilities: 1 0 1 1 1 1 1 1 1 0 1 0 1 0 1 0 0 1 1 0 1 1 0 0 1 0 0 0 0 0 
The assignment of customers to facilities: 18 6 21 24 2 12 21 0 18 17 4 17 10 3 6 18 3 20 24 0 18 21 5 24 10 18 24 14 4 2 6 4 4 21 18 6 20 8 24 21 18 8 6 4 8 4 3 21 14 14 24 24 24 21 8 6 18 8 18 7 4 0 7 8 3 12 5 14 6 12 18 12 6 8 5 10 20 5 8 24 10 0 8 7 4 10 6 5 24 7 17 6 7 7 2 3 18 6 0 17 17 21 12 18 4 0 4 24 24 3 14 4 18 12 12 8 17 7 17 8 14 12 17 6 4 21 2 12 4 17 17 24 12 20 5 8 3 3 17 10 12 18 12 12 7 5 24 21 18 7 24 17 10 0 8 12 2 21 3 3 3 0 10 24 5 24 5 4 3 21 5 20 14 14 4 2 0 10 4 10 5 21 2 6 12 8 12 10 0 21 2 21 6 4 7 12 7 21 10 6 
Time cost: 4.460132598876953s

