Begin: 91094

Result: 40064
Status of facilities: 1 1 1 1 1 1 1 1 1 1 1 1 0 0 0 1 1 0 1 1 0 0 1 0 0 0 0 0 1 0 
The assignment of customers to facilities: 18 19 2 22 2 6 15 28 22 28 4 28 10 1 28 18 1 10 22 0 18 16 5 0 10 18 22 19 4 2 19 19 4 16 28 6 8 8 16 16 18 9 6 4 8 19 3 2 19 10 0 16 2 16 8 6 11 9 18 7 4 0 7 8 3 11 5 19 28 11 18 6 19 9 5 10 10 5 8 16 10 0 9 7 4 10 6 5 22 7 28 6 7 11 2 3 11 6 0 28 28 15 11 18 4 0 4 16 22 3 19 4 18 6 11 8 28 7 0 8 9 11 28 19 9 16 2 11 19 0 28 16 11 10 1 9 3 3 28 10 11 22 11 11 11 5 16 15 18 7 0 0 10 0 8 11 2 15 3 3 1 0 10 2 5 28 5 4 3 15 1 8 19 10 4 2 0 10 4 10 5 15 2 19 11 8 28 10 0 2 2 2 6 4 7 6 7 15 10 19 
Time cost: 4.361268758773804s

Result: 39673
Status of facilities: 1 0 1 1 1 1 1 1 1 1 1 1 0 1 1 0 1 0 0 1 1 0 0 0 0 0 0 1 0 0 
The assignment of customers to facilities: 7 19 2 27 2 6 2 27 27 27 4 19 13 13 19 7 3 20 27 0 27 16 5 0 10 27 27 19 4 2 19 19 4 16 27 6 20 8 16 16 7 9 6 4 8 19 13 2 19 14 0 16 2 16 8 6 7 9 7 7 4 0 7 8 13 11 5 14 19 11 7 6 19 9 5 13 20 5 8 16 10 0 9 7 4 13 6 5 27 7 11 6 7 11 2 3 11 6 0 11 19 16 11 7 4 0 4 27 27 3 19 4 27 6 11 8 11 7 14 8 9 11 0 19 9 16 2 11 19 0 11 16 11 20 5 9 3 3 0 10 11 27 11 11 11 5 16 16 27 7 27 0 10 0 8 11 2 16 3 13 13 27 10 2 5 27 5 4 3 2 5 20 19 14 4 2 0 10 4 10 5 16 2 19 11 8 11 10 0 2 2 2 6 4 7 6 7 2 10 19 
Time cost: 4.248558759689331s

Result: 38914
Status of facilities: 1 1 1 1 1 1 1 1 1 1 1 1 0 0 1 0 1 0 0 0 0 0 0 0 1 0 0 1 1 0 
The assignment of customers to facilities: 7 6 2 27 2 6 2 27 27 28 4 28 10 1 28 7 1 10 27 0 27 16 5 24 10 27 27 14 4 2 6 4 4 16 27 6 8 8 24 16 7 9 6 4 8 4 3 2 14 14 24 16 24 16 8 6 11 9 27 7 4 0 7 8 3 11 5 14 28 11 7 6 6 9 5 10 10 5 8 16 10 0 9 7 4 10 6 5 27 7 28 6 7 11 2 3 11 6 0 28 28 16 11 7 4 0 4 24 27 3 14 4 27 6 11 8 28 7 14 8 9 11 28 6 9 16 2 11 4 0 28 24 11 10 1 9 3 3 28 10 11 27 11 11 11 5 24 16 27 7 24 0 10 0 8 11 2 16 3 3 1 27 10 24 5 27 5 4 3 2 1 8 28 14 4 2 0 10 4 10 5 16 2 6 11 8 28 10 0 24 2 2 6 4 7 6 7 2 10 6 
Time cost: 4.225099325180054s

Result: 40410
Status of facilities: 1 0 1 1 1 1 1 1 1 1 1 0 0 1 1 0 0 1 1 0 0 1 0 0 0 0 1 0 0 0 
The assignment of customers to facilities: 18 6 21 18 2 6 21 0 18 17 4 17 13 13 6 18 3 10 18 0 18 21 5 0 10 18 0 14 4 2 6 26 4 21 18 6 8 8 21 21 18 9 6 4 8 26 13 21 14 14 0 21 2 21 8 6 18 9 18 7 4 0 7 8 13 7 5 14 17 7 7 4 4 9 5 13 10 5 8 21 10 0 9 7 4 13 4 5 18 7 17 6 7 7 2 3 18 6 0 17 17 21 7 18 4 0 4 21 18 3 14 4 18 6 6 8 17 7 17 8 26 18 17 4 26 21 2 6 26 17 17 21 7 10 5 9 3 3 17 10 6 18 6 7 7 5 21 21 18 7 0 17 10 0 8 6 2 21 3 13 13 0 10 2 5 0 5 4 3 21 5 8 14 14 26 2 0 10 4 10 5 21 2 6 6 8 17 10 0 21 2 21 6 4 7 6 7 21 10 6 
Time cost: 4.2919762134552s

Result: 40884
Status of facilities: 1 1 1 1 1 1 1 1 1 1 1 1 1 0 1 0 0 0 0 1 1 0 0 0 1 0 0 1 0 0 
The assignment of customers to facilities: 7 19 2 27 2 12 2 27 27 27 4 19 10 1 19 7 1 20 27 0 27 24 5 24 10 27 27 19 4 2 19 19 4 24 27 6 20 8 24 24 7 9 6 4 8 19 3 2 19 14 24 24 24 24 8 6 11 9 27 7 4 0 7 8 3 11 5 14 19 12 7 12 19 9 5 10 20 5 8 24 10 0 9 7 4 10 6 5 27 7 11 6 7 11 2 3 11 6 0 11 19 2 12 7 4 0 4 24 27 3 19 4 27 12 12 8 11 7 14 8 9 11 0 19 9 24 2 11 19 0 11 24 11 20 1 9 3 3 11 10 12 27 11 11 11 5 24 2 27 11 24 0 10 0 8 11 2 2 3 3 1 27 10 24 5 27 5 4 3 2 1 20 19 14 4 2 0 10 4 10 5 2 2 19 12 8 11 10 0 24 2 2 6 4 7 12 7 2 10 19 
Time cost: 4.235088109970093s

Result: 40137
Status of facilities: 1 1 1 1 1 1 1 1 1 1 1 1 0 0 1 0 1 0 0 0 0 0 0 0 1 0 0 1 1 1 
The assignment of customers to facilities: 7 6 2 27 2 6 2 27 27 28 4 28 10 1 28 7 1 10 27 0 27 16 5 24 10 27 27 14 29 2 6 4 4 16 27 6 8 8 24 16 7 9 6 4 8 4 3 2 14 14 24 16 24 16 8 6 11 9 27 7 29 0 7 8 3 11 5 14 28 11 7 6 6 9 5 10 10 5 8 16 10 0 9 7 29 10 6 5 27 7 28 6 7 11 2 3 11 6 0 28 28 16 11 7 4 0 4 24 27 3 14 4 27 6 11 8 28 7 14 8 9 11 28 6 9 16 2 11 4 0 28 24 11 10 1 9 3 3 28 10 11 27 11 11 11 5 24 16 27 7 24 0 10 0 8 11 2 16 3 3 1 27 10 24 5 27 5 4 3 2 1 8 28 14 4 2 0 10 29 10 5 16 2 6 11 8 28 10 0 2 2 2 6 4 7 6 7 2 10 6 
Time cost: 4.222290277481079s

Result: 39945
Status of facilities: 1 1 1 1 1 1 1 1 1 1 1 0 0 0 0 0 1 0 0 0 0 1 1 0 1 1 0 1 0 0 
The assignment of customers to facilities: 7 6 21 27 2 6 21 27 22 27 4 6 10 1 6 7 1 10 22 0 27 16 5 24 10 27 27 0 4 2 4 4 4 16 27 6 8 8 24 16 7 9 6 4 8 4 3 21 4 10 24 16 24 16 8 6 25 9 22 7 4 0 7 8 3 25 5 10 6 25 7 6 4 9 5 10 10 5 8 16 10 0 9 25 4 10 6 5 27 7 27 4 25 25 2 3 27 6 0 6 0 21 25 7 4 0 4 24 22 3 6 4 27 6 6 8 27 7 0 8 9 25 0 6 9 16 2 25 9 0 27 24 25 10 1 9 3 3 0 10 25 22 6 25 25 5 24 21 27 25 24 0 5 0 8 25 2 16 3 3 1 27 10 24 5 27 5 4 3 21 1 8 6 10 4 2 0 10 4 10 5 21 2 6 25 8 27 10 0 21 2 21 6 4 7 6 7 21 10 6 
Time cost: 4.286956787109375s

Result: 38833
Status of facilities: 1 0 1 1 1 1 1 1 1 1 1 0 0 1 1 0 0 0 0 1 0 0 0 0 1 1 0 1 0 0 
The assignment of customers to facilities: 7 19 2 27 2 6 2 27 27 27 4 19 13 13 19 7 3 10 27 0 27 24 5 24 10 27 24 19 4 2 19 19 4 24 27 6 8 8 24 24 7 9 6 4 8 19 13 2 19 14 24 24 24 24 8 6 25 9 7 25 4 0 7 8 13 25 5 14 19 25 7 6 19 9 5 13 10 5 8 24 10 0 9 25 4 13 6 5 27 7 27 6 25 25 2 3 27 6 0 19 19 2 25 7 4 0 4 24 27 3 19 4 27 6 6 8 27 7 14 8 9 25 0 19 9 24 2 6 19 0 27 24 25 10 5 9 3 3 0 10 6 27 6 25 25 5 24 2 27 25 24 0 10 0 8 25 2 2 3 13 13 27 10 24 5 27 5 4 3 2 5 8 19 14 4 2 0 10 4 10 5 2 2 19 6 8 6 10 0 2 2 2 6 4 7 6 7 2 10 19 
Time cost: 4.326326131820679s

Result: 39617
Status of facilities: 1 0 1 1 1 1 1 0 1 1 1 1 1 0 0 0 0 1 1 0 0 0 0 1 1 1 0 1 0 0 
The assignment of customers to facilities: 18 6 2 27 2 12 2 27 18 17 4 17 10 3 6 18 3 10 27 0 18 24 5 24 10 18 27 17 4 2 6 4 4 24 27 6 8 8 24 24 18 9 6 4 8 4 3 2 6 10 24 24 24 24 8 6 11 9 18 25 4 0 18 8 3 11 5 17 6 25 18 12 6 9 23 23 10 23 8 24 10 0 9 25 4 10 6 5 27 25 17 6 25 25 2 3 11 6 0 17 17 2 25 18 4 0 4 24 27 3 6 4 27 12 12 8 11 25 17 8 9 11 17 6 9 24 2 11 4 17 11 24 25 10 23 9 3 3 17 10 12 27 11 11 25 5 24 2 27 25 24 17 23 0 8 11 2 2 3 3 3 27 10 24 5 27 5 4 3 2 5 8 17 10 4 2 0 10 4 10 5 2 2 6 12 8 11 23 0 24 2 2 6 4 25 12 25 2 10 6 
Time cost: 4.267843723297119s

Result: 39896
Status of facilities: 1 0 1 1 1 1 1 1 1 1 1 1 1 0 0 0 1 1 0 0 0 0 0 1 1 0 1 0 0 0 
The assignment of customers to facilities: 7 6 2 24 2 12 2 0 24 17 4 17 10 3 6 7 3 10 16 0 11 16 5 24 10 11 24 17 4 2 6 26 4 16 24 6 8 8 24 16 7 9 6 4 8 26 3 2 6 10 24 16 2 16 8 6 11 9 7 7 4 0 7 8 3 11 5 17 6 12 7 12 6 9 23 23 10 23 8 16 10 0 9 7 4 10 6 5 24 7 17 6 7 11 2 3 11 6 0 17 17 16 12 7 4 0 4 24 16 3 26 4 24 12 12 8 11 7 17 8 26 11 17 6 26 16 2 11 26 17 11 24 11 10 23 9 3 3 17 10 12 24 11 11 11 5 24 16 24 11 24 17 23 0 8 11 2 16 3 3 3 0 10 24 5 24 5 4 3 2 5 8 17 10 26 2 0 10 4 10 5 16 2 6 12 8 11 23 0 2 2 2 6 4 7 12 7 2 10 6 
Time cost: 4.239645957946777s

Result: 38986
Status of facilities: 1 0 1 1 1 1 1 1 1 0 1 1 0 0 1 0 1 0 0 0 1 0 0 0 0 1 1 0 1 0 
The assignment of customers to facilities: 7 6 2 16 2 6 2 28 16 28 4 28 10 3 28 7 3 20 16 0 11 16 5 0 10 11 0 14 4 2 6 26 4 16 28 6 20 8 16 16 7 8 6 4 8 26 3 2 14 14 0 16 2 16 8 6 11 8 7 25 4 0 7 8 3 11 5 14 28 25 7 6 6 8 5 10 20 5 8 16 10 0 26 25 4 10 6 5 0 7 28 6 25 25 2 3 11 6 0 28 28 16 25 7 4 0 4 16 16 3 14 4 11 6 11 8 28 7 14 8 26 11 28 6 26 16 2 11 26 0 28 16 25 20 5 8 3 3 28 10 11 16 11 11 25 5 16 16 11 25 0 0 10 0 8 11 2 16 3 3 3 0 10 2 5 28 5 4 3 2 5 20 28 14 26 2 0 10 4 10 5 16 2 6 11 8 28 10 0 2 2 2 6 4 7 6 7 2 10 6 
Time cost: 4.255598545074463s

Result: 39274
Status of facilities: 1 1 1 1 1 1 1 1 1 1 1 1 1 0 0 0 0 0 1 1 0 1 0 0 0 0 0 0 1 0 
The assignment of customers to facilities: 18 19 21 18 2 12 21 28 18 28 4 28 10 1 28 18 1 10 18 0 18 21 5 0 10 18 18 19 4 2 19 19 4 21 28 6 8 8 21 21 18 9 6 4 8 19 3 21 19 10 0 21 2 21 8 6 11 9 18 7 4 0 7 8 3 11 5 19 28 12 18 12 19 9 5 10 10 5 8 21 10 0 9 7 4 10 6 5 18 7 28 6 7 11 2 3 11 6 0 28 28 21 12 18 4 0 4 21 18 3 19 4 18 12 12 8 28 7 0 8 9 11 28 19 9 21 2 11 19 0 28 21 11 10 1 9 3 3 28 10 12 18 11 11 11 5 21 21 18 11 0 0 10 0 8 11 2 21 3 3 1 0 10 2 5 28 5 4 3 21 1 8 19 10 4 2 0 10 4 10 5 21 2 19 12 8 28 10 0 21 2 21 6 4 7 12 7 21 10 19 
Time cost: 4.2588019371032715s

Result: 38897
Status of facilities: 1 0 1 1 0 1 1 1 1 1 1 1 0 0 0 0 0 1 0 0 0 1 1 1 0 1 0 0 0 1 
The assignment of customers to facilities: 7 6 21 22 2 11 21 0 22 17 29 17 10 3 6 7 3 10 22 0 11 21 5 0 10 11 22 17 29 2 6 6 29 21 0 6 8 8 21 21 7 9 6 29 8 6 3 21 6 10 0 22 2 21 8 6 11 9 22 25 29 0 7 8 3 11 5 17 6 25 7 6 6 9 23 23 10 23 8 22 10 0 9 25 29 10 6 5 22 7 17 6 25 25 2 3 11 6 0 17 17 21 25 7 29 0 29 21 22 3 6 29 22 6 11 8 11 7 17 8 9 11 17 6 9 21 2 11 9 17 11 21 25 10 23 9 3 3 17 10 11 22 11 11 25 5 21 21 22 25 0 17 23 0 8 11 2 21 3 3 3 0 10 2 5 0 5 29 3 21 5 8 17 10 9 2 0 10 29 10 5 21 2 6 11 8 11 23 0 21 2 21 6 29 7 11 7 21 10 6 
Time cost: 4.268882513046265s

Result: 38970
Status of facilities: 1 0 1 1 1 1 1 1 1 1 1 1 0 0 1 0 0 0 0 1 0 0 0 0 1 0 1 0 1 0 
The assignment of customers to facilities: 7 19 2 24 2 6 2 28 24 28 4 28 10 3 28 7 3 10 24 0 11 24 5 24 10 11 24 19 4 2 19 19 4 24 28 6 8 8 24 2 7 9 6 4 8 19 3 2 19 14 24 24 24 24 8 6 11 9 7 7 4 0 7 8 3 11 5 14 28 11 7 6 19 9 5 10 10 5 8 24 10 0 9 7 4 10 6 5 24 7 28 6 7 11 0 3 11 6 0 28 28 2 11 7 4 0 4 24 24 3 19 4 11 6 11 8 28 7 14 8 26 11 28 19 26 24 2 11 26 0 28 24 11 10 5 9 3 3 28 10 11 24 11 11 11 5 24 2 24 7 0 0 10 0 8 11 2 2 3 3 3 0 10 2 5 28 5 4 3 2 5 8 19 14 26 2 0 10 4 10 5 2 2 19 11 8 28 10 0 0 2 2 6 4 7 6 7 2 10 19 
Time cost: 4.263193368911743s

Result: 39707
Status of facilities: 1 1 1 0 1 1 1 1 1 1 1 1 1 0 1 0 0 0 1 0 0 1 0 0 0 1 0 1 0 0 
The assignment of customers to facilities: 18 6 21 27 2 12 21 27 18 27 4 14 10 1 6 18 1 10 27 0 18 21 5 0 10 18 27 14 4 2 6 4 4 21 27 6 8 8 27 21 18 9 6 4 8 4 8 21 14 14 0 21 2 21 8 6 11 9 18 25 4 0 7 8 8 11 5 14 6 25 18 12 6 9 5 10 10 5 8 21 10 0 9 25 4 10 6 5 27 7 11 6 25 25 2 1 11 6 0 11 14 21 25 18 4 0 4 27 27 1 14 4 27 12 12 8 11 7 14 8 9 11 0 6 9 21 2 11 4 0 11 21 25 10 1 9 1 8 11 10 12 27 11 11 25 5 27 21 27 25 27 0 10 0 8 11 2 21 8 1 1 27 10 2 5 27 5 4 1 21 1 8 14 14 4 2 0 10 4 10 5 21 2 6 12 8 11 10 0 21 2 21 6 4 7 12 7 21 10 6 
Time cost: 4.256991863250732s

Result: 39747
Status of facilities: 1 0 1 1 1 1 1 1 1 1 1 0 1 0 1 0 0 0 1 0 1 0 0 1 1 0 0 0 1 0 
The assignment of customers to facilities: 18 6 2 24 2 12 2 28 18 28 4 28 10 3 28 18 3 20 24 0 18 24 5 24 10 18 24 14 4 2 6 4 4 24 28 6 20 8 24 2 18 9 6 4 8 4 3 2 14 14 24 24 24 24 8 6 18 9 18 7 4 0 7 8 3 12 5 14 28 12 18 12 6 9 23 23 20 23 8 24 10 0 9 7 4 10 6 5 24 7 28 6 7 7 2 3 28 6 0 28 28 2 12 18 4 0 4 24 18 3 14 4 18 12 12 8 28 7 14 8 9 12 28 6 9 24 2 12 4 0 28 24 12 20 23 9 3 3 28 10 12 18 12 12 7 5 24 2 18 7 24 0 23 0 8 28 2 2 3 3 3 0 10 24 5 28 5 4 3 2 5 20 28 14 4 2 0 10 4 10 5 2 2 6 12 8 28 23 0 24 2 2 6 4 7 12 7 2 10 6 
Time cost: 4.266561985015869s

Result: 38256
Status of facilities: 1 1 1 1 1 1 1 1 1 1 1 0 1 0 0 0 1 1 0 1 0 0 0 0 0 0 0 1 0 0 
The assignment of customers to facilities: 7 19 2 27 2 12 2 27 27 17 4 17 10 1 19 7 1 10 27 0 27 16 5 0 10 27 27 19 4 2 19 19 4 16 27 6 8 8 16 16 7 9 6 4 8 19 3 2 19 10 0 16 2 16 8 6 7 9 7 7 4 0 7 8 3 12 5 17 19 12 7 12 19 9 5 10 10 5 8 16 10 0 9 7 4 10 6 5 27 7 17 6 7 7 2 3 27 6 0 17 17 16 12 7 4 0 4 27 27 3 19 4 27 12 12 8 17 7 17 8 9 12 17 19 9 16 2 12 19 17 27 16 12 10 1 9 3 3 17 10 12 27 12 12 7 5 16 16 27 7 27 17 10 0 8 12 2 16 3 3 1 27 10 2 5 27 5 4 3 2 1 8 19 10 4 2 0 10 4 10 5 16 2 19 12 8 12 10 0 2 2 2 6 4 7 12 7 2 10 19 
Time cost: 4.281261444091797s

Result: 38369
Status of facilities: 1 0 1 1 1 1 1 1 1 1 1 1 1 0 0 0 1 1 1 0 0 0 0 0 0 0 0 0 1 0 
The assignment of customers to facilities: 18 6 2 18 2 12 2 28 18 28 4 28 10 3 28 18 3 10 16 0 18 16 5 0 10 18 18 28 4 2 6 4 4 16 28 6 8 8 16 16 18 9 6 4 8 4 3 2 6 10 0 16 2 16 8 6 11 9 18 7 4 0 7 8 3 11 5 17 28 12 18 12 6 9 5 10 10 5 8 16 10 0 9 7 4 10 6 5 18 7 28 6 7 11 2 3 11 6 0 28 28 16 12 18 4 0 4 16 16 3 6 4 18 12 12 8 28 7 17 8 9 11 17 6 9 16 2 11 4 17 28 16 11 10 5 9 3 3 28 10 12 18 11 11 11 5 16 16 18 7 0 17 10 0 8 11 2 16 3 3 3 0 10 2 5 28 5 4 3 2 5 8 28 10 4 2 0 10 4 10 5 16 2 6 12 8 28 10 0 2 2 2 6 4 7 12 7 2 10 6 
Time cost: 4.275774002075195s

Result: 40002
Status of facilities: 1 0 1 1 1 1 1 1 1 1 1 1 0 0 1 0 0 1 0 0 1 0 0 1 1 0 0 1 0 0 
The assignment of customers to facilities: 7 6 2 27 2 6 2 27 27 17 4 17 10 3 6 7 3 20 27 0 27 24 5 24 10 27 27 14 4 2 6 4 4 24 27 6 20 8 24 24 7 9 6 4 8 4 3 2 14 14 24 24 24 24 8 6 11 9 27 7 4 0 7 8 3 11 5 14 6 11 7 6 6 9 23 23 20 23 8 24 10 0 9 7 4 10 6 5 27 7 17 6 7 11 2 3 11 6 0 17 17 2 11 7 4 0 4 24 27 3 14 4 27 6 11 8 11 7 17 8 9 11 17 6 9 24 2 11 4 17 11 24 11 20 23 9 3 3 17 10 11 27 11 11 11 5 24 2 27 7 24 17 23 0 8 11 2 2 3 3 3 27 10 24 5 27 5 4 3 2 5 20 14 14 4 2 0 10 4 10 5 2 2 6 11 8 11 23 0 24 2 2 6 4 7 6 7 2 10 6 
Time cost: 4.268301486968994s

Result: 40189
Status of facilities: 1 1 1 1 1 1 1 1 1 1 1 0 0 0 1 0 1 0 0 0 0 0 1 0 0 1 1 1 1 0 
The assignment of customers to facilities: 7 6 2 27 2 6 2 27 22 28 4 28 10 1 28 7 1 10 22 0 27 16 5 0 10 27 27 14 4 2 6 26 4 16 27 6 8 8 16 16 7 9 6 4 8 26 3 2 14 14 0 16 2 16 8 6 25 9 22 25 4 0 7 8 3 25 5 14 28 25 7 6 6 9 5 10 10 5 8 16 10 0 9 25 4 10 6 5 27 7 28 6 25 25 2 3 28 6 0 28 28 16 25 7 4 0 4 27 22 3 14 4 27 6 6 8 28 7 14 8 26 25 28 6 26 16 2 28 26 0 28 16 25 10 1 9 3 3 28 10 25 22 28 25 25 5 16 16 27 25 27 0 10 0 8 28 2 16 3 3 1 27 10 2 5 27 5 4 3 2 1 8 28 14 26 2 0 10 4 10 5 16 2 6 6 8 28 10 0 2 2 2 6 4 7 6 7 2 10 6 
Time cost: 4.230570316314697s

Result: 40575
Status of facilities: 1 1 1 1 1 1 1 1 1 1 1 1 0 0 1 0 1 0 1 1 0 0 0 0 1 1 0 0 0 0 
The assignment of customers to facilities: 18 19 2 24 2 6 2 0 18 0 4 19 10 1 19 18 1 10 24 0 18 16 5 24 10 18 24 19 4 2 19 19 4 16 18 6 8 8 24 16 18 9 6 4 8 19 3 2 19 14 24 16 24 16 8 6 11 9 18 7 4 0 7 8 3 11 5 14 19 25 18 6 19 9 5 10 10 5 8 16 10 0 9 25 4 10 6 5 24 7 11 6 25 25 2 3 11 6 0 11 19 16 25 18 4 0 4 24 16 3 19 4 18 6 11 8 11 7 14 8 9 11 0 19 9 16 2 11 19 0 11 24 25 10 1 9 3 3 11 10 11 18 11 11 25 5 24 16 18 25 24 0 10 0 8 11 2 16 3 3 3 0 10 24 5 24 5 4 3 2 1 8 19 14 4 2 0 10 4 10 5 16 2 19 11 8 11 10 0 24 2 2 6 4 7 6 7 2 10 19 
Time cost: 4.214329719543457s

Result: 39368
Status of facilities: 1 0 1 1 1 1 1 1 1 1 1 0 1 0 0 1 1 1 0 0 0 0 0 1 0 1 0 0 0 0 
The assignment of customers to facilities: 7 6 2 16 2 12 15 0 16 17 4 17 10 3 6 7 3 10 16 0 7 16 5 0 10 7 0 17 4 2 6 4 4 16 0 6 8 8 16 16 7 9 6 4 8 4 3 2 6 10 0 16 2 16 8 6 25 9 7 7 4 0 7 8 3 25 5 17 6 25 7 12 6 9 23 23 10 23 8 16 10 0 9 25 4 10 6 5 0 7 17 6 25 25 2 3 17 6 0 17 17 15 25 7 4 0 4 16 16 3 6 4 0 12 12 8 17 7 17 8 9 25 17 6 9 16 2 12 4 17 17 16 25 10 23 9 3 3 17 10 12 16 12 25 25 5 16 15 0 25 0 17 23 0 8 12 2 15 3 3 3 0 10 2 5 0 5 4 3 15 5 8 17 10 4 2 0 10 4 10 5 15 2 6 12 8 12 23 0 2 2 2 6 4 7 12 7 15 10 6 
Time cost: 4.257969856262207s

Result: 39830
Status of facilities: 1 1 1 1 1 1 1 1 1 0 1 1 0 0 0 0 0 1 1 1 0 1 0 0 0 1 1 0 0 0 
The assignment of customers to facilities: 18 19 21 18 2 6 21 0 18 17 4 17 10 1 19 18 1 10 18 0 18 21 5 0 10 18 0 19 4 2 19 19 4 21 18 6 8 8 21 21 18 8 6 4 8 19 3 21 19 10 0 21 2 21 8 6 11 8 18 7 4 0 7 8 3 11 5 17 19 25 18 6 19 8 5 10 10 5 8 21 10 0 26 25 4 10 6 5 18 7 17 6 25 25 2 3 11 6 0 17 17 21 25 18 4 0 4 21 18 3 19 4 18 6 11 8 11 7 17 8 26 11 17 19 26 21 2 11 26 17 11 21 25 10 1 8 3 3 17 10 11 18 11 11 25 5 21 21 18 25 0 17 10 0 8 11 2 21 3 3 1 0 10 2 5 18 5 4 3 21 1 8 19 10 26 2 0 10 4 10 5 21 2 6 11 8 11 10 0 21 2 21 6 4 7 6 7 21 10 19 
Time cost: 4.261431455612183s

Result: 37894
Status of facilities: 1 0 1 1 1 1 1 1 1 1 1 0 1 0 0 0 0 1 0 1 0 0 0 0 1 0 0 1 1 0 
The assignment of customers to facilities: 7 19 2 27 2 12 2 27 27 28 4 28 10 3 28 7 3 10 27 0 27 24 5 24 10 27 27 19 4 2 19 19 4 24 27 6 8 8 24 24 7 9 6 4 8 19 3 2 19 10 24 24 24 24 8 6 7 9 27 7 4 0 7 8 3 12 5 17 28 12 7 12 6 9 5 10 10 5 8 24 10 0 9 7 4 10 6 5 27 7 28 6 7 7 2 3 28 6 0 28 28 2 12 7 4 0 4 24 27 3 19 4 27 12 12 8 28 7 17 8 9 12 17 19 9 24 2 12 19 17 28 24 12 10 5 9 3 3 28 10 12 27 12 12 7 5 24 2 27 7 24 17 10 0 8 28 2 2 3 3 3 27 10 24 5 27 5 4 3 2 5 8 19 10 4 2 0 10 4 10 5 2 2 19 12 8 28 10 0 2 2 2 6 4 7 12 7 2 10 19 
Time cost: 4.25499415397644s

Result: 37830
Status of facilities: 1 0 1 1 1 1 1 1 1 0 1 0 0 0 0 1 0 0 0 1 0 0 0 1 0 1 1 1 0 0 
The assignment of customers to facilities: 7 19 2 27 2 6 15 27 27 27 4 19 10 3 19 7 3 10 0 0 27 15 5 0 10 27 27 19 4 2 19 19 4 15 27 6 8 8 0 15 7 8 6 4 8 19 3 2 19 10 0 27 2 15 8 6 25 8 7 7 4 0 7 8 3 25 5 19 19 25 7 6 19 8 23 23 10 23 8 27 10 0 26 25 4 10 6 5 27 7 0 6 25 25 2 3 27 6 0 19 19 15 25 7 4 0 4 27 27 3 19 4 27 6 6 8 19 7 0 8 26 25 0 19 26 15 2 6 26 0 27 2 25 10 23 8 3 3 19 10 6 27 6 25 25 5 27 15 27 25 0 0 23 0 8 25 2 15 3 3 3 27 10 2 5 27 5 4 3 15 5 8 19 10 26 2 0 10 4 10 5 15 2 19 6 8 6 23 0 2 2 2 6 4 7 6 7 15 10 19 
Time cost: 4.3287928104400635s

Result: 40183
Status of facilities: 1 0 1 1 1 1 1 1 1 1 1 0 1 0 0 0 1 0 0 1 1 0 0 1 0 0 0 0 0 1 
The assignment of customers to facilities: 7 19 2 16 2 12 2 0 16 0 4 19 10 3 19 7 3 20 16 0 7 16 5 0 10 7 0 19 29 2 19 19 4 16 0 6 20 8 0 16 7 9 6 4 8 19 3 16 19 20 0 16 2 16 8 6 7 9 7 7 29 0 7 8 3 12 5 19 19 12 7 12 6 9 23 23 20 23 8 16 10 0 9 7 29 10 6 5 16 7 19 6 7 7 2 3 12 6 0 19 19 16 12 7 4 0 4 16 16 3 19 4 0 12 12 8 19 7 10 8 9 7 0 19 9 16 2 12 19 10 12 16 12 20 23 9 3 3 19 10 12 16 6 12 7 5 16 16 2 12 2 10 23 0 8 12 2 16 3 3 3 0 10 2 5 0 5 4 3 2 5 20 19 10 4 2 0 10 29 10 5 16 2 6 12 8 12 23 0 2 2 2 6 4 7 12 7 2 10 19 
Time cost: 4.3473896980285645s

Result: 39705
Status of facilities: 1 0 1 1 1 1 1 1 1 1 1 1 0 0 1 0 1 0 0 0 0 1 1 0 0 1 0 0 0 1 
The assignment of customers to facilities: 7 6 21 22 2 6 21 0 22 0 4 14 10 3 6 7 3 10 22 0 11 16 5 2 10 11 22 14 29 2 6 4 4 16 0 6 8 8 16 16 7 9 6 4 8 4 3 21 14 14 0 16 2 16 8 6 11 9 22 7 29 0 7 8 3 11 5 14 6 25 7 6 6 9 5 10 10 5 8 16 10 0 9 25 29 10 6 5 22 7 11 6 25 25 2 3 11 6 0 11 14 21 25 7 4 0 4 16 22 3 14 4 22 6 11 8 11 7 14 8 9 11 0 6 9 16 2 11 4 0 11 21 25 10 5 9 3 3 11 10 11 22 11 11 25 5 16 21 22 25 0 0 10 0 8 11 2 16 3 3 3 0 10 2 5 0 5 4 3 21 5 8 14 14 4 2 0 10 29 10 5 21 2 6 11 8 11 10 0 21 2 21 6 4 7 6 7 21 10 6 
Time cost: 4.264226675033569s

Result: 38736
Status of facilities: 1 0 1 1 1 1 1 1 1 1 1 1 0 0 0 1 0 0 1 1 1 0 0 0 0 0 0 0 1 0 
The assignment of customers to facilities: 18 19 2 18 2 6 15 28 18 28 4 28 10 3 28 18 3 20 18 0 18 15 5 0 10 18 18 19 4 2 19 19 4 15 28 6 20 8 0 15 18 9 6 4 8 19 3 2 19 20 0 2 2 15 8 6 11 9 18 7 4 0 7 8 3 11 5 19 28 11 18 6 19 9 5 10 20 5 8 2 10 0 9 7 4 10 6 5 18 7 28 6 7 11 2 3 11 6 0 28 28 15 11 18 4 0 4 0 18 3 19 4 18 6 11 8 28 7 0 8 9 11 28 19 9 15 2 11 19 0 28 2 11 20 5 9 3 3 28 10 11 18 11 11 11 5 0 15 18 7 0 0 10 0 8 11 2 15 3 3 3 0 10 2 5 18 5 4 3 15 5 20 19 10 4 2 0 10 4 10 5 15 2 19 11 8 28 10 0 2 2 2 6 4 7 6 7 15 10 19 
Time cost: 4.249974489212036s

Result: 38532
Status of facilities: 1 0 1 1 1 1 1 1 1 0 1 0 1 0 1 0 0 0 0 1 0 0 1 1 1 0 0 1 0 0 
The assignment of customers to facilities: 7 19 2 27 2 12 2 27 22 27 4 19 10 3 19 7 3 10 22 0 27 24 5 24 10 27 27 19 4 2 19 19 4 24 27 6 8 8 24 24 7 8 6 4 8 19 3 2 19 14 24 24 24 24 8 6 7 8 22 7 4 0 7 8 3 12 5 14 19 12 7 12 19 8 23 23 10 23 8 24 10 0 8 7 4 10 6 5 27 7 27 6 7 7 2 3 27 6 0 19 19 2 12 7 4 0 4 24 22 3 19 4 27 12 12 8 27 7 14 8 14 12 0 19 4 24 2 12 19 0 27 24 12 10 23 8 3 3 0 10 12 22 12 12 7 5 24 2 27 7 24 0 23 0 8 12 2 2 3 3 3 27 10 24 5 27 5 4 3 2 5 8 19 14 4 2 0 10 4 10 5 2 2 19 12 8 12 23 0 24 2 2 6 4 7 12 7 2 10 19 
Time cost: 4.260613441467285s

Result: 38552
Status of facilities: 1 0 1 1 1 1 1 1 1 1 1 0 1 0 0 0 0 1 0 1 0 0 0 0 1 1 0 0 1 0 
The assignment of customers to facilities: 7 19 2 24 2 12 2 28 24 28 4 28 10 3 28 7 3 10 24 0 7 24 5 24 10 7 24 19 4 2 19 19 4 24 28 6 8 8 24 24 7 9 6 4 8 19 3 2 19 10 24 24 24 2 8 6 25 9 7 25 4 0 7 8 3 25 5 17 28 25 7 12 19 9 5 10 10 5 8 24 10 0 9 25 4 10 6 5 24 7 28 6 25 25 0 3 28 6 0 28 28 2 25 7 4 0 4 24 0 3 19 4 28 12 12 8 28 7 17 8 9 25 17 19 9 24 2 12 19 17 28 24 25 10 5 9 3 3 28 10 12 24 12 25 25 5 24 2 24 25 24 17 10 0 8 28 2 2 3 3 3 0 10 0 5 28 5 4 3 2 5 8 19 10 4 2 0 10 4 10 5 2 2 6 12 8 28 10 0 2 2 2 6 4 7 12 7 2 10 19 
Time cost: 4.265475034713745s

