Begin: 86935

Result: 30797
Status of facilities: 1 0 1 0 1 1 1 1 1 1 1 0 0 1 0 0 0 1 1 1 0 0 0 1 0 1 0 0 1 0 
The assignment of customers to facilities: 18 19 2 18 2 6 2 28 18 28 4 28 13 13 28 18 13 10 18 0 18 2 5 0 10 18 18 19 4 2 19 19 4 2 28 6 8 8 0 2 18 9 6 4 8 19 13 2 19 10 0 2 0 2 8 6 25 9 18 25 4 0 7 8 13 25 5 17 28 25 18 6 19 9 23 23 10 23 8 0 10 0 9 25 4 13 6 5 18 7 28 6 25 25 0 13 28 6 0 28 28 2 25 18 4 0 4 0 18 13 19 4 18 6 6 8 28 7 17 8 9 25 17 19 9 2 5 28 19 17 28 2 25 10 23 9 13 13 28 10 6 18 28 25 25 5 2 2 18 25 0 17 23 17 8 28 5 2 13 13 13 0 10 0 5 28 5 4 13 2 5 8 19 10 4 2 0 10 4 10 5 5 0 19 6 8 28 23 0 2 2 2 6 4 7 6 7 2 10 19 
Time cost: 4.33276891708374s

Result: 30180
Status of facilities: 1 0 1 1 1 1 1 1 1 0 1 0 0 1 1 0 0 1 1 0 0 0 0 1 1 1 0 0 1 1 
The assignment of customers to facilities: 18 6 2 24 2 6 2 28 18 28 4 28 13 13 28 18 3 10 24 0 18 24 5 24 10 18 24 14 29 2 6 4 4 24 28 6 8 8 24 24 18 8 6 4 8 4 13 2 14 14 24 24 2 24 8 6 25 8 18 7 29 0 7 8 13 25 5 14 28 25 18 6 6 8 23 23 10 23 8 24 10 0 8 25 29 13 6 5 24 7 28 6 25 25 2 3 28 6 0 28 28 2 25 18 4 0 4 24 18 3 14 4 18 6 6 8 28 7 17 8 14 25 17 6 4 24 2 28 4 17 28 24 25 10 23 8 3 3 28 10 6 18 28 25 25 5 24 24 18 25 24 17 23 0 8 28 2 2 3 13 13 0 10 24 5 28 5 4 3 2 5 8 28 14 4 2 0 10 29 10 5 2 2 6 25 8 28 23 0 2 2 2 6 4 7 6 7 2 10 6 
Time cost: 4.296706199645996s

Result: 30656
Status of facilities: 1 0 1 1 1 1 1 1 1 1 0 0 0 1 1 0 1 1 1 0 0 0 0 1 1 0 0 0 1 0 
The assignment of customers to facilities: 18 6 2 24 2 6 2 28 18 28 4 28 13 13 28 18 3 13 24 0 18 16 5 24 23 18 24 14 4 2 6 4 4 16 28 6 8 8 24 16 18 9 6 4 8 4 13 2 14 14 24 16 24 16 8 6 18 9 18 7 4 0 7 8 13 28 5 14 28 7 18 6 6 9 23 23 8 23 8 16 23 0 9 7 4 13 4 5 24 7 28 6 7 7 2 3 28 6 0 28 28 16 7 18 4 0 4 24 16 3 14 4 18 6 6 8 28 7 17 8 9 18 17 6 9 16 2 28 4 17 28 24 7 14 23 9 3 3 28 14 6 24 28 7 7 5 24 16 18 7 24 17 23 0 8 28 2 16 3 13 13 0 23 24 5 24 5 4 3 2 5 8 28 14 4 2 0 14 4 14 5 16 2 6 6 8 28 23 0 2 2 2 6 4 7 6 7 2 23 6 
Time cost: 4.43960428237915s

Result: 30634
Status of facilities: 1 0 1 1 1 1 1 1 1 1 1 0 0 1 0 0 0 1 1 0 0 0 0 1 1 1 0 0 1 1 
The assignment of customers to facilities: 18 6 2 24 2 6 2 28 18 28 4 28 13 13 28 18 3 10 24 0 18 24 5 24 10 18 24 28 29 2 6 4 4 24 28 6 8 8 24 24 18 9 6 4 8 4 13 2 6 10 24 24 2 24 8 6 25 9 18 25 29 0 7 8 13 25 5 17 28 25 18 6 6 9 23 23 10 23 8 24 10 0 9 25 29 13 6 5 24 7 28 6 25 25 2 3 28 6 0 28 28 2 25 18 4 0 4 24 18 3 6 4 18 6 25 8 28 7 17 8 9 25 17 4 9 24 2 28 4 17 28 24 25 10 23 9 3 3 28 10 6 18 28 25 25 5 24 2 18 25 24 17 23 0 8 28 2 2 3 13 13 0 10 24 5 18 5 4 3 2 5 8 28 10 4 2 0 10 29 10 5 2 24 6 6 8 28 23 0 2 2 2 6 4 7 6 7 2 10 6 
Time cost: 4.4673097133636475s

Result: 30660
Status of facilities: 1 0 1 1 1 1 1 1 1 1 1 0 0 0 1 0 0 1 1 0 0 0 0 1 1 1 0 0 1 1 
The assignment of customers to facilities: 18 6 2 24 2 6 2 28 18 28 4 28 10 3 28 18 3 10 24 0 18 24 5 24 10 18 24 14 29 2 6 4 4 24 28 6 8 8 24 2 18 9 6 4 8 4 3 2 14 14 24 24 24 24 8 6 25 9 18 7 29 0 7 8 3 25 5 14 28 25 18 6 6 9 23 23 10 23 8 24 10 0 9 25 29 10 4 5 24 7 28 6 25 25 2 3 28 6 0 28 28 2 25 18 4 0 4 24 24 3 14 4 18 6 6 8 28 7 17 8 9 25 17 6 9 24 2 28 4 17 28 24 25 10 23 9 3 3 28 10 6 18 28 25 25 5 24 2 18 25 24 17 23 0 8 28 2 2 3 3 3 0 10 24 5 28 5 4 3 24 5 8 28 14 4 2 0 10 29 10 5 2 2 6 6 8 28 23 0 2 2 2 6 4 7 6 7 2 10 6 
Time cost: 4.495641708374023s

Result: 31312
Status of facilities: 1 0 1 1 1 1 1 1 1 1 1 0 0 0 1 0 0 1 1 1 0 0 0 1 1 0 0 0 1 1 
The assignment of customers to facilities: 18 19 2 24 2 6 2 28 18 28 4 28 10 3 28 18 3 10 24 0 18 24 5 24 10 18 24 19 29 2 19 19 4 24 28 6 8 8 24 24 18 9 6 4 8 19 3 2 19 14 24 24 2 24 8 6 18 9 18 7 29 0 7 8 3 6 5 14 28 7 18 6 19 9 23 23 10 23 8 24 10 0 9 7 29 10 6 5 24 7 28 6 7 7 2 3 28 6 0 28 28 24 7 18 4 0 4 24 24 3 19 4 18 6 6 8 28 7 17 8 9 18 17 19 9 24 2 28 19 17 28 24 7 10 23 9 3 3 28 10 6 18 28 7 7 5 24 2 18 7 24 17 23 0 8 28 2 2 3 3 3 0 10 2 5 18 5 4 3 2 5 8 19 14 4 2 0 10 29 10 5 2 2 6 6 8 28 23 0 24 2 2 6 4 7 6 7 2 10 19 
Time cost: 4.484190940856934s

Result: 29721
Status of facilities: 1 0 1 1 1 1 1 1 1 1 1 0 0 0 0 0 0 1 1 0 0 0 0 1 1 1 0 0 1 0 
The assignment of customers to facilities: 18 6 2 24 2 6 2 28 18 28 4 28 10 3 28 18 3 10 24 0 18 24 5 24 10 18 24 28 4 2 6 4 4 24 28 6 8 8 24 24 18 9 6 4 8 4 3 2 6 10 24 24 24 24 8 6 25 9 18 25 4 0 7 8 3 25 5 17 28 25 18 6 6 9 23 23 10 23 8 24 10 0 9 25 4 10 4 5 24 7 28 6 25 25 2 3 28 6 0 28 28 2 25 18 4 0 4 24 24 3 6 4 18 6 6 8 28 7 17 8 9 25 17 6 9 24 2 28 4 17 28 24 25 10 23 9 3 3 28 10 6 18 28 25 25 5 24 2 18 25 24 17 23 0 8 28 2 2 3 3 3 0 10 0 5 18 5 4 3 2 5 8 28 10 4 2 0 10 4 10 5 2 2 6 25 8 28 23 0 2 2 2 6 4 7 6 7 2 10 6 
Time cost: 4.34776496887207s

Result: 30547
Status of facilities: 1 0 1 1 1 1 1 1 1 1 1 0 0 1 0 0 1 1 1 0 0 0 0 1 1 0 0 0 1 0 
The assignment of customers to facilities: 18 6 2 24 2 6 2 28 18 28 4 28 13 13 28 18 3 10 24 0 18 16 5 24 10 18 24 28 4 2 6 4 4 16 28 6 8 8 24 16 18 9 6 4 8 4 13 2 6 10 24 16 24 16 8 6 18 9 18 7 4 0 7 8 13 7 5 17 28 7 18 6 6 9 23 23 10 23 8 16 10 0 9 7 4 13 6 5 24 7 28 6 7 7 2 3 28 6 0 28 28 16 7 18 4 0 4 24 16 3 4 4 18 6 6 8 28 7 17 8 9 18 17 6 9 16 2 28 4 17 28 24 7 10 23 9 3 3 28 10 6 18 28 7 7 5 24 16 18 7 24 17 23 0 8 28 2 16 3 13 13 0 10 24 5 24 5 4 3 2 5 8 28 10 4 2 0 10 4 10 5 16 2 6 28 8 28 23 0 2 2 2 6 4 7 6 7 2 10 6 
Time cost: 4.255797624588013s

Result: 31945
Status of facilities: 1 0 1 1 1 1 1 1 1 1 1 0 1 1 0 0 0 1 0 0 1 0 0 1 1 0 0 0 1 1 
The assignment of customers to facilities: 7 6 2 24 2 12 2 28 7 28 4 28 13 13 28 7 3 20 24 0 7 24 5 24 10 7 24 28 29 2 6 4 4 24 28 6 20 8 24 24 7 9 6 4 8 4 13 2 6 20 24 24 2 2 8 6 7 9 7 7 29 0 7 8 13 12 5 17 28 12 7 12 6 9 23 23 20 23 8 24 10 0 9 7 29 13 6 5 24 7 28 6 7 12 0 3 28 6 0 28 28 2 12 7 4 0 4 24 24 3 6 4 28 12 12 8 28 7 17 8 9 12 17 6 9 24 2 12 4 17 28 24 12 20 23 9 3 3 28 10 12 24 12 12 7 5 24 2 24 12 0 17 23 0 8 28 2 2 3 13 13 0 10 24 5 28 5 4 3 2 5 20 28 10 4 2 0 10 29 10 5 2 24 6 12 8 28 23 0 2 2 2 6 4 7 12 7 2 10 6 
Time cost: 4.259223937988281s

Result: 29332
Status of facilities: 1 0 1 1 1 0 1 1 1 1 1 0 0 0 1 0 0 1 1 0 0 0 0 1 1 1 0 0 1 0 
The assignment of customers to facilities: 18 6 2 24 2 6 2 28 18 28 4 28 10 3 28 18 3 10 18 0 18 24 23 24 10 18 24 14 4 2 6 4 4 24 28 6 8 8 24 2 18 9 6 4 8 4 3 2 14 14 24 24 24 24 8 6 25 9 18 7 4 0 7 8 3 25 23 14 28 25 18 6 6 9 23 23 10 23 8 24 10 0 9 25 4 10 6 2 24 7 28 6 25 25 2 3 28 6 0 28 28 2 25 18 4 0 4 24 18 3 14 4 18 6 25 8 28 7 17 8 9 25 17 6 9 24 2 28 4 17 28 24 25 10 23 9 3 3 28 10 6 18 28 25 25 2 24 2 18 25 24 17 23 0 8 28 2 2 3 3 3 0 10 24 23 28 23 4 3 2 23 8 28 14 4 2 0 10 4 10 2 2 24 6 6 8 28 23 0 24 2 2 6 4 7 6 7 2 10 6 
Time cost: 4.264530897140503s

Result: 31295
Status of facilities: 1 0 1 1 1 1 1 1 1 1 1 0 0 1 0 0 0 1 1 0 1 0 0 1 1 0 0 0 1 0 
The assignment of customers to facilities: 18 6 2 24 2 6 2 28 18 28 4 28 13 13 28 18 3 20 24 0 18 24 5 24 10 18 24 28 4 2 6 4 4 24 28 6 20 8 24 24 18 9 6 4 8 4 13 2 6 20 24 24 24 24 8 6 18 9 18 7 4 0 7 8 13 28 5 17 28 7 18 6 6 9 23 23 20 23 8 24 10 0 9 7 4 13 4 5 24 7 28 6 7 7 2 3 28 6 0 28 28 2 7 18 4 0 4 24 18 3 4 4 18 6 6 8 28 7 17 8 9 18 17 6 9 24 2 28 4 17 28 24 7 20 23 9 3 3 28 10 6 18 28 7 7 5 24 2 18 7 24 17 23 0 8 28 2 2 3 13 13 0 10 2 5 18 5 4 3 2 5 20 28 10 4 2 0 10 4 10 5 2 2 28 6 8 28 23 0 24 2 2 6 4 7 6 7 2 10 6 
Time cost: 4.2790303230285645s

Result: 30702
Status of facilities: 1 1 1 0 1 1 1 1 1 1 1 0 0 1 0 0 0 1 1 0 1 0 0 0 1 1 0 0 1 0 
The assignment of customers to facilities: 18 6 2 24 2 6 2 28 18 28 4 28 13 1 28 18 1 20 24 0 18 24 5 24 10 18 24 28 4 2 6 4 4 24 28 6 20 8 24 2 18 9 6 4 8 4 13 2 6 20 24 24 24 24 8 6 25 9 18 7 4 0 7 8 13 25 5 17 28 25 18 6 6 9 5 13 20 5 8 24 10 0 9 25 4 13 6 5 24 7 28 6 25 25 0 13 28 6 0 28 28 2 25 18 4 0 4 24 24 13 4 4 18 6 25 8 28 7 17 8 9 25 17 6 9 24 2 28 4 17 28 24 25 20 1 9 1 13 28 10 6 18 28 25 25 5 24 2 18 25 24 17 10 0 8 28 2 2 13 13 13 0 10 24 5 28 5 4 1 2 1 20 28 10 4 2 0 10 4 10 5 2 2 6 6 8 28 10 0 2 2 2 6 4 7 6 7 2 10 6 
Time cost: 4.350423812866211s

Result: 29594
Status of facilities: 1 0 1 1 1 1 1 1 1 0 1 0 0 0 1 0 0 1 1 0 0 0 0 1 1 1 0 0 1 1 
The assignment of customers to facilities: 18 6 2 24 2 6 2 28 18 28 4 28 10 3 28 18 3 10 24 0 18 24 5 24 10 18 24 14 29 2 6 4 4 24 28 6 8 8 24 2 18 8 6 4 8 4 3 2 14 14 24 24 24 24 8 6 25 8 18 25 29 0 7 8 3 25 5 14 28 25 18 6 6 8 23 23 10 23 8 24 10 0 8 25 29 10 4 5 24 7 28 6 25 25 2 3 28 6 0 28 28 2 25 18 4 0 4 24 18 3 14 4 18 6 6 8 28 7 17 8 14 25 17 6 4 24 2 28 4 17 28 24 25 10 23 8 3 3 28 10 6 18 28 25 25 5 24 2 18 25 24 17 23 0 8 28 2 2 3 3 3 0 10 24 5 28 5 4 3 2 5 8 28 14 4 2 0 10 29 10 5 2 2 6 6 8 28 23 0 24 2 2 6 4 7 6 7 2 10 6 
Time cost: 4.284235715866089s

Result: 31146
Status of facilities: 1 0 1 1 1 1 1 1 1 1 1 0 0 1 0 0 0 1 1 1 0 0 0 1 1 0 0 0 1 1 
The assignment of customers to facilities: 18 19 2 24 2 6 2 28 18 28 4 28 13 13 28 18 3 10 24 0 18 24 5 24 10 18 24 19 29 2 19 19 4 24 28 6 8 8 24 24 18 9 6 4 8 19 13 2 19 10 24 24 24 24 8 6 18 9 18 7 29 0 7 8 13 6 5 17 28 7 18 6 19 9 23 23 10 23 8 24 10 0 9 7 29 13 6 5 18 7 28 6 7 7 2 3 28 6 0 28 28 2 7 18 4 0 4 24 18 3 19 4 18 6 6 8 28 7 17 8 9 18 17 19 9 24 2 28 19 17 28 24 7 10 23 9 3 3 28 10 6 18 28 7 7 5 24 2 18 7 24 17 23 0 8 28 2 2 3 13 13 0 10 24 5 24 5 4 3 2 5 8 19 10 4 2 0 10 29 10 5 2 2 19 6 8 28 23 0 2 2 2 6 4 7 6 7 2 10 19 
Time cost: 4.276660680770874s

Result: 31099
Status of facilities: 1 0 1 1 1 1 1 1 1 1 1 0 0 1 0 0 0 1 1 0 1 0 0 1 1 1 0 0 1 0 
The assignment of customers to facilities: 18 6 2 24 2 6 2 28 18 28 4 28 13 13 28 18 3 20 24 0 18 24 5 24 10 18 24 28 4 2 6 4 4 24 28 6 20 8 24 24 18 9 6 4 8 4 13 2 6 20 24 24 24 24 8 6 25 9 18 7 4 0 7 8 13 25 5 17 28 25 18 6 6 9 23 23 20 23 8 24 10 0 9 25 4 13 6 5 24 7 28 6 25 25 2 3 28 6 0 28 28 2 25 18 4 0 4 24 24 3 4 4 18 6 25 8 28 7 17 8 9 25 17 6 9 24 2 28 4 17 28 24 25 20 23 9 3 3 28 10 6 18 28 25 25 5 24 2 18 25 24 17 23 0 8 28 2 2 3 13 13 0 10 0 5 18 5 4 3 2 5 20 28 10 4 2 0 10 4 10 5 2 2 6 6 8 28 23 0 2 2 2 6 4 7 6 7 2 10 6 
Time cost: 4.247759580612183s

Result: 30815
Status of facilities: 1 0 1 1 1 1 1 1 1 1 1 0 1 0 1 0 0 1 1 0 0 0 0 1 1 1 0 0 1 0 
The assignment of customers to facilities: 18 6 2 24 2 12 2 28 18 28 4 28 10 3 28 18 3 10 18 0 18 24 5 24 10 18 24 14 4 2 6 4 4 24 28 6 8 8 24 24 18 9 6 4 8 4 3 2 14 14 24 24 2 24 8 6 25 9 18 25 4 0 7 8 3 25 5 14 28 25 18 12 6 9 23 23 10 23 8 24 10 0 9 25 4 10 6 5 24 7 28 6 25 25 2 3 28 6 0 28 28 2 25 18 4 0 4 24 24 3 14 4 18 12 12 8 28 7 17 8 9 25 17 6 9 24 2 12 4 17 28 24 25 10 23 9 3 3 28 10 12 18 12 25 25 5 24 2 18 25 24 17 23 0 8 28 2 2 3 3 3 0 10 24 5 18 5 4 3 2 5 8 28 14 4 2 0 10 4 10 5 2 2 6 12 8 28 23 0 24 2 2 6 4 7 12 7 2 10 6 
Time cost: 4.235485792160034s

Result: 29822
Status of facilities: 1 0 1 0 1 1 1 1 1 1 1 0 1 1 0 0 0 1 1 0 0 0 0 1 1 1 0 0 1 0 
The assignment of customers to facilities: 18 6 2 24 2 12 2 28 18 28 4 28 13 13 28 18 13 10 18 0 18 24 5 24 10 18 24 28 4 2 6 4 4 24 28 6 8 8 24 24 18 9 6 4 8 4 13 2 6 10 24 24 24 24 8 6 25 9 18 7 4 0 7 8 13 25 5 17 28 25 18 12 6 9 23 23 10 23 8 24 10 0 9 25 4 13 6 5 24 7 28 6 25 25 2 13 28 6 0 28 28 2 25 18 4 0 4 24 24 13 6 4 18 12 12 8 28 7 17 8 9 25 17 6 9 24 2 12 4 17 28 24 25 10 23 9 13 13 28 10 12 18 12 25 25 5 24 2 18 25 24 17 23 0 8 28 2 2 13 13 13 0 10 24 5 28 5 4 13 2 5 8 28 10 4 2 0 10 4 10 5 2 2 6 12 8 28 23 0 2 2 2 6 4 7 12 7 2 10 6 
Time cost: 4.2584216594696045s

Result: 30783
Status of facilities: 1 0 1 1 1 1 1 1 1 1 1 0 1 1 0 0 0 1 1 0 0 0 0 1 1 1 0 0 1 0 
The assignment of customers to facilities: 18 6 2 24 2 12 2 28 18 28 4 28 13 13 28 18 3 10 24 0 18 24 5 24 10 18 24 28 4 2 6 4 4 24 28 6 8 8 24 24 18 9 6 4 8 4 13 2 6 10 24 24 24 24 8 6 25 9 18 7 4 0 7 8 13 25 5 17 28 25 18 12 6 9 23 23 10 23 8 24 10 0 9 25 4 13 6 5 24 7 28 6 25 25 2 3 28 6 0 28 28 2 25 18 4 0 4 24 18 3 6 4 18 12 12 8 28 7 17 8 9 25 17 6 9 24 2 12 4 17 28 24 25 10 23 9 3 3 28 10 12 18 12 25 25 5 24 2 18 25 24 17 23 0 8 28 2 2 3 13 13 0 10 2 5 28 5 4 3 2 5 8 28 10 4 2 0 10 4 10 5 2 24 6 12 8 28 23 0 2 2 2 6 4 7 12 7 2 10 6 
Time cost: 4.227709531784058s

Result: 30552
Status of facilities: 1 0 1 1 1 1 1 1 1 1 1 0 1 1 0 0 0 1 1 0 0 0 0 1 1 0 0 0 1 0 
The assignment of customers to facilities: 18 6 2 24 2 12 2 28 18 28 4 28 13 13 28 18 3 10 18 0 18 24 5 24 10 18 24 28 4 2 6 4 4 24 28 6 8 8 24 24 18 9 6 4 8 4 13 2 6 10 24 24 24 24 8 6 18 9 18 7 4 0 7 8 13 12 5 17 28 12 18 12 6 9 23 23 10 23 8 24 10 0 9 7 4 13 6 5 24 7 28 6 7 7 2 3 28 6 0 28 28 2 12 18 4 0 4 24 24 3 6 4 18 12 12 8 28 7 17 8 9 12 17 6 9 24 2 12 4 17 28 24 12 10 23 9 3 3 28 10 12 18 12 12 7 5 24 2 18 7 24 17 23 0 8 28 2 2 3 13 13 0 10 24 5 28 5 4 3 2 5 8 28 10 4 2 0 10 4 10 5 2 2 6 12 8 28 23 0 2 2 2 6 4 7 12 7 2 10 6 
Time cost: 4.245397329330444s

Result: 30938
Status of facilities: 1 0 1 1 1 0 1 1 1 1 1 0 0 1 0 0 0 1 0 0 0 0 0 1 1 0 0 0 1 1 
The assignment of customers to facilities: 7 6 2 24 2 6 2 28 24 28 4 28 13 13 28 7 3 10 24 0 7 24 23 24 10 7 24 17 29 2 6 4 4 24 28 6 8 8 0 24 7 9 6 4 8 4 13 2 28 10 24 24 24 2 8 6 7 9 24 7 29 0 7 8 13 7 23 17 28 6 7 6 6 9 23 23 10 23 8 24 10 0 9 7 29 13 6 2 0 7 28 6 7 7 2 3 28 6 0 28 17 2 7 28 4 0 4 24 24 3 4 4 0 6 6 8 28 7 17 8 9 7 17 4 9 24 2 28 4 17 28 24 6 10 23 9 3 3 28 10 28 24 28 7 7 2 24 0 24 6 0 17 23 0 8 28 2 2 3 13 13 0 10 0 23 0 23 4 3 2 23 8 28 10 4 2 0 10 29 10 2 2 24 6 28 8 28 23 0 2 2 2 6 4 7 6 7 2 10 6 
Time cost: 4.341379880905151s

Result: 31429
Status of facilities: 1 0 1 1 1 1 1 1 1 1 1 0 0 1 1 0 0 1 1 0 0 0 0 1 1 0 0 0 1 1 
The assignment of customers to facilities: 18 6 2 24 2 6 2 28 18 28 4 28 13 13 28 18 3 10 24 0 18 24 5 24 10 18 24 14 29 2 6 4 4 24 28 6 8 8 24 2 18 9 6 4 8 4 13 2 14 14 24 24 2 24 8 6 18 9 18 7 29 0 7 8 13 7 5 14 28 7 18 6 6 9 23 23 10 23 8 24 10 0 9 7 29 13 6 5 24 7 28 6 7 7 2 3 28 6 0 28 28 2 7 18 4 0 4 24 18 3 14 4 18 6 6 8 28 7 17 8 9 18 17 6 9 24 2 28 4 17 28 24 7 10 23 9 3 3 28 10 6 18 28 7 7 5 24 24 18 7 24 17 23 0 8 28 2 2 3 13 13 0 10 24 5 28 5 4 3 2 5 8 28 14 4 2 0 10 29 10 5 2 2 6 6 8 28 23 0 24 2 2 6 4 7 6 7 2 10 14 
Time cost: 4.390044927597046s

Result: 29577
Status of facilities: 1 0 1 0 1 1 1 1 1 1 1 0 0 1 0 0 0 1 1 0 0 0 0 1 1 0 0 0 1 0 
The assignment of customers to facilities: 18 6 2 24 2 6 2 28 18 28 4 28 13 13 28 18 13 10 18 0 18 24 5 24 10 18 24 28 4 2 6 6 4 24 28 6 8 8 24 2 18 9 6 4 8 4 13 2 28 10 24 24 24 24 8 6 18 9 18 7 4 0 7 8 13 28 5 17 28 7 18 6 6 9 23 23 10 23 8 24 10 0 9 7 4 13 6 5 24 7 28 6 7 7 2 13 28 6 0 28 28 2 7 18 4 0 4 24 24 13 4 4 18 6 6 8 28 7 17 8 9 18 17 4 9 24 2 28 4 17 28 24 7 10 23 9 13 13 28 10 6 18 28 7 7 5 24 2 18 7 24 17 23 0 8 28 2 2 13 13 13 0 10 24 5 18 5 4 13 2 5 8 28 10 4 2 0 10 4 10 5 2 2 6 6 8 28 23 0 24 2 2 6 4 7 6 7 2 10 6 
Time cost: 4.527028560638428s

Result: 29766
Status of facilities: 1 0 1 1 1 1 1 1 1 1 1 0 0 0 0 0 0 0 1 0 0 0 0 1 1 1 0 0 1 1 
The assignment of customers to facilities: 18 6 2 24 2 25 2 28 18 28 4 28 10 3 28 18 3 10 24 0 18 24 5 24 10 18 24 28 29 2 6 4 4 24 28 6 8 8 24 24 18 9 6 4 8 4 3 2 6 10 24 24 24 24 8 6 25 9 18 25 29 0 7 8 3 25 5 28 28 25 18 6 6 9 23 23 10 23 8 24 10 0 9 25 29 10 6 5 18 7 28 6 25 25 2 3 28 6 0 28 28 2 25 18 4 0 4 24 18 3 6 4 18 6 25 8 28 7 0 8 9 25 28 6 9 24 2 6 4 0 28 24 25 10 23 9 3 3 28 10 6 18 28 25 25 5 24 2 18 25 24 0 23 0 8 28 2 2 3 3 3 0 10 24 5 24 5 4 3 2 5 8 28 10 4 2 0 10 29 10 5 2 2 6 25 8 28 23 0 2 2 2 6 4 7 6 7 2 10 6 
Time cost: 4.513527870178223s

Result: 30733
Status of facilities: 1 0 1 1 1 1 1 1 1 1 1 0 0 1 0 1 0 1 1 0 0 0 0 0 1 0 0 0 1 1 
The assignment of customers to facilities: 18 6 2 24 2 6 15 28 18 28 4 28 13 13 28 18 3 10 24 0 18 24 5 24 10 18 24 28 29 2 6 4 4 24 28 6 8 8 24 15 18 9 6 4 8 4 13 2 6 10 24 24 24 15 8 6 18 9 18 7 29 0 7 8 13 28 5 17 28 7 18 6 6 9 5 13 10 5 8 24 10 0 9 7 29 13 6 5 24 7 28 6 7 7 2 3 28 6 0 28 28 15 7 18 4 0 4 24 24 3 4 4 18 6 28 8 28 7 17 8 9 18 17 6 9 15 2 28 4 17 28 24 7 10 5 9 3 3 28 10 6 18 28 7 7 5 24 15 18 7 24 17 10 0 8 28 2 15 3 13 13 0 10 24 5 24 5 4 3 15 5 8 28 10 4 2 0 10 29 10 5 15 2 6 6 8 28 10 0 2 2 2 6 4 7 6 7 15 10 6 
Time cost: 4.440877914428711s

Result: 29419
Status of facilities: 1 0 1 1 1 1 1 1 1 0 1 0 0 0 0 0 0 1 0 1 0 0 0 1 1 1 0 0 1 0 
The assignment of customers to facilities: 7 19 2 24 2 6 2 28 24 28 4 28 10 3 28 7 3 10 24 0 7 24 5 0 10 7 24 19 4 2 19 19 4 24 28 6 8 8 24 24 7 8 6 4 8 19 3 2 19 10 24 24 24 24 8 6 25 8 7 25 4 0 7 8 3 25 5 17 28 25 7 6 19 8 23 23 10 23 8 24 10 0 8 25 4 10 6 5 0 7 28 6 25 25 2 3 28 6 0 28 28 2 25 7 4 0 4 0 0 3 19 4 28 6 6 8 28 7 17 8 8 25 17 19 4 24 2 28 19 17 28 24 25 10 23 8 3 3 28 10 6 24 28 25 25 5 24 2 24 25 24 17 23 0 8 28 2 2 3 3 3 0 10 2 5 28 5 4 3 2 5 8 19 10 4 2 0 10 4 10 5 2 2 6 6 8 28 23 0 24 2 2 6 4 7 6 7 2 10 19 
Time cost: 4.418787479400635s

Result: 29708
Status of facilities: 1 0 1 1 1 1 1 1 1 1 1 0 0 0 0 0 0 1 1 0 0 0 0 1 1 1 0 0 1 0 
The assignment of customers to facilities: 18 6 2 24 2 6 2 28 18 28 4 28 10 3 28 18 3 10 18 0 18 24 5 24 10 18 24 28 4 2 6 4 4 24 28 6 8 8 24 2 18 9 6 4 8 4 3 2 28 10 24 24 24 24 8 6 25 9 18 7 4 0 7 8 3 25 5 17 28 25 18 6 6 9 23 23 10 23 8 24 10 0 9 25 4 10 6 5 24 7 28 6 25 25 2 3 28 6 0 28 28 2 25 18 4 0 4 24 24 3 6 4 18 6 6 8 28 7 17 8 9 25 17 6 9 24 2 28 4 17 28 24 25 10 23 9 3 3 28 10 6 18 28 25 25 5 24 2 18 25 24 17 23 0 8 28 2 2 3 3 3 0 10 24 5 18 5 4 3 2 5 8 28 10 4 2 0 10 4 10 5 2 2 6 25 8 28 23 0 24 2 2 6 4 7 6 7 2 10 6 
Time cost: 4.26711893081665s

Result: 31278
Status of facilities: 1 0 1 1 1 1 1 1 1 1 1 0 1 0 1 0 1 1 0 0 0 0 0 1 0 0 0 0 1 1 
The assignment of customers to facilities: 7 6 2 16 2 12 2 28 16 28 4 28 10 3 28 7 3 10 16 0 7 16 5 0 10 7 0 14 29 2 6 4 4 16 28 6 8 8 16 16 7 9 6 4 8 4 3 2 14 14 0 16 2 16 8 6 7 9 7 7 29 0 7 8 3 12 5 14 28 12 7 12 6 9 23 23 10 23 8 16 10 0 9 7 29 10 6 5 0 7 28 6 7 12 2 3 28 6 0 28 28 16 12 7 4 0 4 16 16 3 14 4 28 12 12 8 28 7 17 8 9 12 17 6 9 16 2 12 4 17 28 16 12 10 23 9 3 3 28 10 12 16 12 12 7 5 16 16 0 7 0 17 23 0 8 28 2 16 3 3 3 0 10 2 5 28 5 4 3 2 5 8 28 14 4 2 0 10 29 10 5 16 2 6 12 8 28 23 0 2 2 2 6 4 7 12 7 2 10 6 
Time cost: 4.244856357574463s

Result: 31061
Status of facilities: 1 0 1 1 1 1 1 1 1 1 1 0 0 1 1 0 0 1 1 0 0 0 0 1 1 0 0 0 1 0 
The assignment of customers to facilities: 18 6 2 24 2 6 2 28 18 28 4 28 13 13 28 18 3 10 18 0 18 24 5 24 10 18 24 14 4 2 6 4 4 24 28 6 8 8 24 24 18 9 6 4 8 4 13 2 14 14 24 24 24 24 8 6 18 9 18 7 4 0 7 8 13 28 5 14 28 7 18 6 6 9 23 23 10 23 8 24 10 0 9 7 4 13 4 5 24 7 28 6 7 7 2 3 28 6 0 28 28 2 7 18 4 0 4 24 24 3 14 4 18 6 6 8 28 7 17 8 9 18 17 6 9 24 2 28 4 17 28 24 7 10 23 9 3 3 28 10 6 18 28 7 7 5 24 2 18 7 24 17 23 0 8 28 2 2 3 13 13 0 10 24 5 28 5 4 3 2 5 8 28 14 4 2 0 10 4 10 5 2 2 6 6 8 28 23 0 2 2 2 6 4 7 6 7 2 10 6 
Time cost: 4.240839004516602s

Result: 30490
Status of facilities: 1 0 1 0 1 1 1 1 1 1 1 0 0 1 1 0 0 1 1 0 1 0 0 0 1 1 0 0 1 0 
The assignment of customers to facilities: 18 6 2 24 2 6 2 28 18 28 4 28 13 13 28 18 13 20 24 0 18 24 5 24 10 18 24 14 4 2 6 4 4 24 28 6 20 8 24 24 18 9 6 4 8 4 13 2 14 14 24 24 24 24 8 6 25 9 18 25 4 0 7 8 13 25 5 14 28 25 18 6 6 9 5 13 20 5 8 24 10 0 9 25 4 13 4 5 18 7 28 6 25 25 2 13 28 6 0 28 28 2 25 18 4 0 4 24 24 13 14 4 18 6 6 8 28 7 17 8 9 25 17 6 9 24 2 28 4 17 28 24 25 20 5 9 13 13 28 10 6 18 28 25 25 5 24 2 18 25 24 17 10 0 8 28 2 2 13 13 13 0 10 2 5 28 5 4 13 2 5 20 28 14 4 2 0 10 4 10 5 2 24 6 6 8 28 10 0 2 2 2 6 4 7 6 7 2 10 6 
Time cost: 4.273902893066406s

Result: 30298
Status of facilities: 1 1 1 0 1 1 1 1 1 1 0 0 0 0 0 0 1 1 1 0 0 0 0 1 1 0 0 0 1 1 
The assignment of customers to facilities: 18 6 2 24 2 6 2 28 18 28 4 28 23 1 28 18 1 8 24 0 18 16 5 24 23 18 24 17 29 2 6 4 4 16 28 6 8 8 24 16 18 9 6 4 8 4 8 2 6 17 24 16 24 16 8 6 18 9 18 7 29 0 7 8 8 7 5 17 28 7 18 6 6 9 23 23 8 23 8 16 23 0 9 7 29 23 6 5 24 7 28 6 7 7 2 1 28 6 0 28 28 16 7 18 4 0 4 24 16 1 6 4 18 6 6 8 28 7 17 8 9 18 17 6 9 16 2 28 4 17 28 24 7 8 23 9 1 8 28 17 28 18 28 7 7 5 24 16 18 7 24 17 23 0 8 28 2 16 8 1 1 0 23 24 5 24 5 4 1 2 1 8 28 17 4 2 0 23 29 23 5 16 2 6 6 8 28 23 0 2 2 2 6 4 7 6 7 2 23 28 
Time cost: 4.2838685512542725s

