Begin: 81589

Result: 22325
Status of facilities: 1 0 1 1 1 0 1 1 1 0 0 1 0 0 1 0 1 1 1 1 1 1 1 1 1 1 0 0 0 0 
The assignment of customers to facilities: 18 19 21 22 2 6 21 0 22 17 4 17 20 3 19 18 3 20 22 0 18 16 23 24 23 18 24 19 4 2 19 19 4 16 18 6 20 8 24 16 18 8 6 4 8 19 3 21 19 14 24 16 24 16 8 6 11 8 18 25 4 0 7 8 3 11 23 14 19 25 18 6 19 8 23 23 20 23 8 16 23 0 8 25 4 20 6 2 24 7 17 6 25 25 2 3 11 6 0 17 17 21 25 18 4 0 4 24 22 3 19 4 18 6 11 8 11 7 17 8 14 11 17 19 4 16 2 11 19 17 11 24 25 20 23 8 3 3 17 14 11 22 11 11 25 2 24 21 18 25 24 17 23 0 8 11 2 16 3 3 3 0 23 24 23 24 23 4 3 21 23 20 19 14 4 2 0 20 4 20 2 21 2 19 11 8 11 23 0 21 2 21 6 4 7 6 7 21 23 19 
Time cost: 4.232381820678711s

Result: 23180
Status of facilities: 1 0 1 1 1 1 1 1 0 0 1 0 1 1 1 1 0 1 1 0 0 1 0 0 1 1 1 1 1 1 
The assignment of customers to facilities: 18 6 21 27 2 12 15 27 18 28 4 28 13 13 28 18 3 10 27 0 18 21 5 24 10 18 27 14 29 2 6 26 4 21 27 6 14 13 24 15 18 26 6 4 13 26 13 21 14 14 24 24 24 21 13 6 25 26 18 25 29 0 7 10 13 25 5 14 28 25 18 12 6 26 5 13 10 5 13 24 10 0 26 25 29 13 6 5 27 7 28 6 25 25 2 3 28 6 0 28 28 15 25 18 4 0 4 24 27 3 14 4 27 12 12 13 28 7 17 13 26 25 17 6 26 21 2 12 26 17 28 24 25 10 5 26 3 3 28 10 12 27 12 25 25 5 24 15 27 25 24 17 10 0 13 28 2 15 3 13 13 27 10 24 5 27 5 4 3 21 5 10 28 14 26 2 0 10 29 10 5 21 2 6 12 13 28 10 0 21 2 21 6 4 7 12 7 15 10 6 
Time cost: 4.189321994781494s

Result: 22413
Status of facilities: 1 0 1 0 1 1 1 1 0 1 1 1 1 1 0 0 1 0 1 1 1 0 0 1 1 0 1 1 1 0 
The assignment of customers to facilities: 18 19 2 27 2 12 2 27 18 28 4 28 13 13 28 18 13 20 27 0 18 16 5 24 10 18 27 19 4 2 19 19 4 16 27 6 20 9 24 16 18 9 6 4 20 19 13 2 19 20 24 16 24 16 20 6 11 9 18 7 4 0 7 20 13 11 5 19 28 12 18 12 6 9 23 23 20 23 20 16 10 0 9 7 4 13 6 5 27 7 28 6 7 11 2 13 11 6 0 28 28 16 12 18 4 0 4 24 27 13 19 4 27 12 12 20 28 7 0 20 26 11 28 19 26 16 2 11 26 0 28 24 11 20 23 9 13 13 28 10 12 27 11 11 11 5 24 16 27 7 24 0 23 0 20 11 2 16 13 13 13 27 10 24 5 27 5 4 13 2 5 20 19 10 26 2 0 10 4 10 5 16 2 19 12 9 28 23 0 2 2 16 6 4 7 12 7 2 10 19 
Time cost: 4.15359902381897s

Result: 22554
Status of facilities: 1 0 1 1 1 1 1 1 0 1 1 1 1 1 0 0 0 1 0 0 0 1 0 1 1 1 1 1 1 0 
The assignment of customers to facilities: 7 6 21 27 2 12 21 27 27 28 4 28 13 13 28 7 3 10 27 0 27 21 5 24 10 27 27 28 4 2 6 26 4 21 27 6 10 9 24 21 7 9 6 4 9 26 13 21 6 10 24 24 24 21 9 6 11 9 27 25 4 0 7 9 13 11 5 17 28 25 7 12 6 9 23 23 10 23 9 24 10 0 9 25 4 13 6 5 27 7 28 6 25 25 2 3 11 6 0 28 28 21 25 7 4 0 4 24 27 3 26 4 27 12 12 9 28 7 17 9 26 11 17 6 26 21 2 11 26 17 28 24 25 10 23 9 3 3 28 10 12 27 11 11 25 5 24 21 27 25 24 17 23 0 13 11 2 21 3 13 13 27 10 24 5 27 5 4 3 21 5 10 28 10 26 2 0 10 4 10 5 21 2 6 12 9 28 23 0 21 2 21 6 4 7 12 7 21 10 6 
Time cost: 4.1558825969696045s

Result: 22425
Status of facilities: 1 0 1 1 1 1 1 1 1 1 1 1 1 1 0 1 0 1 1 1 0 1 1 0 1 0 0 1 0 1 
The assignment of customers to facilities: 18 19 21 27 2 12 15 27 22 17 4 17 13 13 19 18 3 10 22 0 18 21 5 24 10 18 27 19 29 2 19 19 4 21 27 6 8 8 24 15 18 9 6 4 8 19 13 21 19 10 24 24 24 21 8 6 11 9 18 7 29 0 7 8 13 11 5 17 19 12 18 12 6 9 5 13 10 5 8 24 10 0 9 7 29 13 6 5 27 7 17 6 7 11 2 3 11 6 0 17 17 15 12 18 4 0 4 24 22 3 19 4 27 12 12 8 11 7 17 8 9 11 17 19 9 21 2 11 19 17 11 24 11 10 5 9 3 3 17 10 12 22 11 11 11 5 24 15 27 11 24 17 10 0 8 11 2 15 3 13 13 27 10 24 5 27 5 4 3 21 5 8 19 10 4 2 0 10 29 10 5 21 2 19 12 8 11 10 0 21 2 21 6 4 7 12 7 15 10 19 
Time cost: 4.143106460571289s

Result: 22170
Status of facilities: 1 0 1 1 1 1 1 1 1 0 1 1 0 0 1 0 0 1 0 1 1 1 1 0 1 1 0 1 1 1 
The assignment of customers to facilities: 7 19 21 27 2 6 21 27 22 28 4 28 10 3 28 7 3 20 22 0 27 21 5 24 10 27 27 19 29 2 19 19 4 21 27 6 20 8 24 21 7 8 6 4 8 19 3 21 19 14 24 24 24 21 8 6 11 8 22 7 29 0 7 8 3 11 5 14 28 25 7 6 19 8 5 10 20 5 8 24 10 0 8 25 29 10 6 5 27 7 28 6 25 25 2 3 11 6 0 28 28 21 25 7 4 0 4 24 22 3 19 4 27 6 11 8 28 7 17 8 14 11 17 19 4 21 2 11 19 17 28 24 25 20 5 8 3 3 28 10 11 22 11 11 25 5 24 21 27 25 24 17 10 0 8 11 2 21 3 3 3 27 10 24 5 27 5 4 3 21 5 20 19 14 4 2 0 10 29 10 5 21 2 19 11 8 28 10 0 21 2 21 6 4 7 6 7 21 10 19 
Time cost: 4.169935703277588s

Result: 22596
Status of facilities: 1 0 1 1 1 1 1 1 1 0 1 1 1 0 0 1 0 1 1 0 1 1 1 0 1 1 1 0 1 1 
The assignment of customers to facilities: 18 6 21 22 2 12 15 28 22 28 4 28 10 3 28 18 3 20 22 0 18 21 5 24 10 18 24 28 29 2 6 26 4 21 28 6 20 8 24 15 18 8 6 4 8 26 3 21 6 20 24 24 24 21 8 6 11 8 18 25 29 0 7 8 3 11 5 17 28 25 18 12 6 8 5 10 20 5 8 24 10 0 26 25 29 10 6 5 24 7 28 6 25 25 2 3 11 6 0 28 28 15 25 18 4 0 4 24 22 3 26 4 18 12 12 8 28 7 17 8 26 11 17 6 26 21 2 11 26 17 28 24 25 20 5 8 3 3 28 10 12 22 11 11 25 5 24 15 18 25 24 17 10 0 8 11 2 15 3 3 3 0 10 24 5 24 5 4 3 21 5 20 28 10 26 2 0 10 29 10 5 21 2 6 12 8 28 10 0 21 2 21 6 4 7 12 7 15 10 6 
Time cost: 4.157818078994751s

Result: 22623
Status of facilities: 0 0 1 1 1 1 1 1 0 1 1 1 0 0 1 1 1 1 0 0 1 1 0 1 1 1 1 1 1 0 
The assignment of customers to facilities: 7 6 21 27 2 6 15 27 27 28 4 28 10 3 28 7 3 20 27 27 27 16 5 24 10 27 27 14 4 2 6 26 4 16 27 6 20 9 24 16 7 9 6 4 20 26 3 21 14 14 24 16 24 16 20 6 11 9 27 25 4 2 7 20 3 11 5 14 28 25 7 6 6 9 23 23 20 23 20 16 10 17 9 25 4 10 6 5 27 7 28 6 25 25 2 3 11 6 17 28 28 15 25 7 4 24 4 24 27 3 14 4 27 6 11 20 28 7 17 20 26 11 17 6 26 16 2 11 26 17 28 24 25 20 23 9 3 3 28 10 11 27 11 11 25 5 24 15 27 25 24 17 23 17 20 11 2 15 3 3 3 27 10 24 5 27 5 4 3 21 5 20 28 14 26 2 24 10 4 10 5 21 2 6 11 9 28 23 17 21 2 21 6 4 7 6 7 15 10 6 
Time cost: 4.167299747467041s

Result: 22552
Status of facilities: 1 0 1 1 1 1 1 1 0 1 1 1 1 1 0 0 1 1 0 1 1 1 0 0 0 1 1 1 1 0 
The assignment of customers to facilities: 7 19 21 27 2 12 21 27 27 28 4 28 13 13 28 7 3 20 27 0 27 16 5 0 10 27 27 19 4 2 19 19 4 16 27 6 20 9 16 16 7 9 6 4 20 19 13 21 19 20 0 16 2 16 20 6 11 9 27 7 4 0 7 20 13 11 5 17 28 25 7 12 19 9 5 13 20 5 20 16 10 0 9 25 4 13 6 5 27 7 28 6 25 25 2 3 11 6 0 28 28 21 25 7 4 0 4 27 27 3 19 4 27 12 12 20 28 7 17 20 26 11 17 19 26 16 2 11 26 17 28 21 25 20 5 9 3 3 28 10 12 27 11 11 25 5 16 21 27 25 27 17 10 0 20 11 2 16 3 13 13 27 10 2 5 27 5 4 3 21 5 20 19 10 26 2 0 10 4 10 5 21 2 19 12 9 28 10 0 21 2 21 6 4 7 12 7 21 10 19 
Time cost: 4.208101511001587s

Result: 21750
Status of facilities: 1 0 1 1 1 1 1 1 1 1 1 1 1 1 0 1 0 0 0 1 0 1 0 0 1 1 0 1 1 0 
The assignment of customers to facilities: 7 19 21 27 2 12 15 27 27 28 4 28 13 13 28 7 3 10 27 0 27 21 5 24 10 27 27 19 4 2 19 19 4 21 27 6 8 8 24 15 7 9 6 4 8 19 13 21 19 10 24 24 24 21 8 6 11 9 27 25 4 0 7 8 13 11 5 19 28 25 7 12 19 9 10 13 10 5 8 24 10 0 9 25 4 13 6 5 27 7 28 6 25 25 2 3 11 6 0 28 28 15 25 7 4 0 4 24 27 3 19 4 27 12 12 8 28 7 0 8 9 11 28 19 9 21 2 11 19 0 28 24 25 10 5 9 3 3 28 10 12 27 11 11 25 5 24 15 27 25 24 0 10 0 8 11 2 15 3 13 13 27 10 24 5 27 5 4 3 21 5 8 19 10 4 2 0 10 4 10 5 21 2 19 12 8 28 10 0 21 2 21 6 4 7 12 7 15 10 19 
Time cost: 4.185512065887451s

Result: 22363
Status of facilities: 1 0 1 1 1 1 0 1 0 1 0 1 1 1 1 0 1 0 1 1 1 1 0 1 0 1 1 1 1 0 
The assignment of customers to facilities: 18 19 21 27 2 12 21 27 18 28 4 28 13 13 28 18 3 20 27 0 18 16 5 0 23 18 27 19 4 2 19 19 4 16 27 12 20 9 16 16 18 9 12 4 20 19 13 21 19 14 0 16 2 16 20 12 11 9 18 25 4 0 7 20 13 11 5 14 28 25 18 12 19 9 23 23 20 23 20 16 23 0 9 25 4 13 19 5 27 7 28 19 25 25 2 3 11 12 0 28 28 21 25 18 4 0 4 27 27 3 19 4 27 12 12 20 28 7 14 20 26 11 28 19 26 16 2 11 26 0 28 21 25 20 23 9 3 3 28 14 12 27 11 11 25 5 16 21 27 25 27 0 23 0 20 11 2 16 3 13 13 27 23 2 5 27 5 4 3 21 5 20 19 14 26 2 0 20 4 20 5 21 2 19 12 9 28 23 0 21 2 21 19 4 7 12 7 21 23 19 
Time cost: 4.163568019866943s

Result: 22624
Status of facilities: 1 0 1 1 1 1 1 1 0 1 1 1 1 1 1 1 0 0 0 0 1 1 1 1 1 0 0 1 1 1 
The assignment of customers to facilities: 7 6 21 27 2 12 15 27 22 28 4 28 13 13 28 7 3 20 22 0 27 21 5 24 10 27 27 14 29 2 6 4 4 21 27 6 20 9 24 15 7 9 6 4 20 4 13 21 14 14 24 24 24 21 20 6 11 9 22 7 29 0 7 20 13 11 5 14 28 12 7 12 6 9 23 23 20 23 20 24 10 0 9 7 29 13 6 5 27 7 28 6 7 11 2 3 11 6 0 28 28 15 12 7 4 0 4 24 22 3 14 4 27 12 12 20 28 7 14 20 9 11 28 6 9 21 2 11 4 0 28 24 11 20 23 9 3 3 28 10 12 22 11 11 11 5 24 15 27 7 24 0 23 0 20 11 2 15 3 13 13 27 10 24 5 27 5 4 3 21 5 20 28 14 4 2 0 10 29 10 5 21 2 6 12 9 28 23 0 21 2 21 6 4 7 12 7 15 10 6 
Time cost: 4.146884441375732s

Result: 22496
Status of facilities: 1 1 1 1 1 1 1 1 1 0 0 1 0 0 0 0 1 1 1 1 1 0 0 0 1 1 1 1 1 0 
The assignment of customers to facilities: 18 19 2 27 2 6 2 27 27 28 4 28 20 1 28 18 1 20 27 0 18 16 5 24 20 18 27 19 4 2 19 19 4 16 27 6 20 8 24 16 18 8 6 4 8 19 3 2 19 20 24 16 24 16 8 6 11 8 18 25 4 0 7 8 3 11 5 17 28 25 18 6 19 8 5 5 20 5 8 16 20 0 26 25 4 20 6 5 27 7 28 6 25 25 2 3 11 6 0 28 28 16 25 18 4 0 4 24 27 3 19 4 27 6 11 8 28 7 17 8 26 11 17 19 26 16 2 11 26 17 28 24 25 20 1 8 3 3 28 20 11 27 11 11 25 5 24 16 27 25 24 17 5 0 8 11 2 16 3 3 1 27 20 24 5 27 5 4 3 2 1 20 19 20 26 2 0 20 4 20 5 16 2 19 11 8 28 5 0 24 2 2 6 4 7 6 7 2 20 19 
Time cost: 4.164444446563721s

Result: 22652
Status of facilities: 1 1 1 0 1 1 1 1 1 0 1 1 1 1 0 1 0 1 1 0 0 1 0 0 1 1 1 1 1 1 
The assignment of customers to facilities: 18 6 21 27 2 12 15 27 18 28 4 28 13 1 28 18 1 10 27 0 18 21 5 24 10 18 27 28 29 2 6 26 4 21 27 6 8 8 24 15 18 8 6 4 8 26 13 21 6 10 24 24 24 21 8 6 11 8 18 25 29 0 7 8 13 11 5 17 28 25 18 12 6 8 5 13 10 5 8 24 10 0 26 25 29 13 6 5 27 7 28 6 25 25 2 13 11 6 0 28 28 15 25 18 4 0 4 24 27 13 26 4 27 12 12 8 28 7 17 8 26 11 17 6 26 21 2 11 26 17 28 24 25 10 1 8 1 13 28 10 12 27 11 11 25 5 24 15 27 25 24 17 10 0 8 11 2 15 13 13 13 27 10 24 5 27 5 4 1 21 1 8 28 10 26 2 0 10 29 10 5 21 2 6 12 8 28 10 0 21 2 21 6 4 7 12 7 15 10 6 
Time cost: 4.149393320083618s

Result: 22492
Status of facilities: 1 0 1 0 1 1 1 1 1 1 1 1 0 1 1 0 1 0 1 1 1 1 0 0 1 1 0 1 0 0 
The assignment of customers to facilities: 18 19 21 27 2 6 21 27 18 27 4 19 13 13 19 18 13 20 27 0 18 16 5 24 10 18 27 19 4 2 19 19 4 16 27 6 20 8 24 16 18 9 6 4 8 19 13 21 19 14 24 16 24 16 8 6 11 9 18 7 4 0 7 8 13 11 5 14 19 25 18 6 19 9 5 13 20 5 8 16 10 0 9 25 4 13 6 5 27 7 11 6 25 25 2 13 11 6 0 11 19 21 25 18 4 0 4 24 27 13 19 4 27 6 11 8 11 7 14 8 9 11 0 19 9 16 2 11 19 0 11 24 25 20 5 9 13 13 11 10 11 27 11 11 25 5 24 21 27 25 24 0 10 0 8 11 2 16 13 13 13 27 10 24 5 27 5 4 13 21 5 20 19 14 4 2 0 10 4 10 5 21 2 19 11 8 11 10 0 21 2 21 6 4 7 6 7 21 10 19 
Time cost: 4.164578437805176s

Result: 22506
Status of facilities: 1 0 1 1 1 1 1 1 1 1 0 1 1 0 1 1 0 0 0 1 1 1 1 1 1 1 0 1 0 1 
The assignment of customers to facilities: 7 19 21 27 2 12 15 27 22 27 4 19 20 3 19 7 3 20 22 0 27 21 5 24 23 27 27 19 29 2 19 19 4 21 27 6 20 8 24 15 7 9 6 4 8 19 3 21 19 14 24 24 24 21 8 6 11 9 22 7 29 0 7 8 3 11 5 14 19 25 7 12 19 9 23 23 20 23 8 24 23 0 9 25 29 20 6 5 27 7 11 6 25 25 2 3 11 6 0 11 19 15 25 7 4 0 4 24 22 3 19 4 27 12 12 8 11 7 14 8 9 11 0 19 9 21 2 11 19 0 11 24 25 20 23 9 3 3 11 14 12 22 11 11 25 5 24 15 27 25 24 0 23 0 8 11 2 15 3 3 3 27 23 24 5 27 5 4 3 21 5 20 19 14 4 2 0 20 29 20 5 21 2 19 12 8 11 23 0 21 2 21 6 4 7 12 7 15 23 19 
Time cost: 4.17130708694458s

Result: 22391
Status of facilities: 1 0 0 1 1 1 1 1 1 1 1 1 1 0 1 0 1 1 0 0 0 1 1 1 1 1 1 1 0 0 
The assignment of customers to facilities: 7 6 21 27 21 12 21 27 22 17 4 17 10 3 6 7 3 10 22 0 27 16 5 24 10 27 27 14 4 21 6 26 4 16 27 6 8 8 24 16 7 9 6 4 8 26 3 21 14 14 24 16 24 16 8 6 11 9 22 7 4 0 7 8 3 11 5 14 6 25 7 12 6 9 23 23 10 23 8 16 10 0 9 25 4 10 6 5 27 7 17 6 25 25 0 3 11 6 0 17 17 21 25 7 4 0 4 24 22 3 14 4 27 12 12 8 11 7 17 8 26 11 17 6 26 16 21 11 26 17 11 24 25 10 23 9 3 3 17 10 12 22 11 11 25 5 24 21 27 25 24 17 23 0 8 11 5 16 3 3 3 27 10 24 5 27 5 4 3 21 5 8 14 14 26 21 0 10 4 10 5 21 21 6 12 8 11 23 0 21 21 21 6 4 7 12 7 21 10 6 
Time cost: 4.293790578842163s

Result: 22017
Status of facilities: 1 0 1 1 1 0 1 1 1 1 1 0 1 1 1 0 0 0 1 1 0 1 0 1 1 0 0 1 1 1 
The assignment of customers to facilities: 18 19 21 27 2 12 21 27 18 28 4 28 13 13 28 18 3 10 27 0 18 21 23 24 10 18 27 19 29 2 19 19 4 21 27 6 8 8 24 21 18 9 6 4 8 19 13 21 19 14 24 24 24 21 8 6 18 9 18 7 29 0 7 8 13 12 23 14 28 12 18 12 19 9 23 23 10 23 8 24 10 0 9 7 29 13 6 2 27 7 28 6 7 7 2 3 28 6 0 28 28 21 12 18 4 0 4 24 27 3 19 4 27 12 12 8 28 7 14 8 9 12 28 19 9 21 2 12 19 0 28 24 12 10 23 9 3 3 28 10 12 27 12 12 7 2 24 21 27 7 24 0 23 0 8 28 2 21 3 13 13 27 10 24 23 27 23 4 3 21 23 8 19 14 4 2 0 10 29 10 2 21 2 6 12 8 28 23 0 21 2 21 6 4 7 12 7 21 10 19 
Time cost: 4.387231111526489s

Result: 22160
Status of facilities: 1 0 1 1 1 1 1 1 1 0 1 1 1 1 1 0 1 0 1 1 0 0 1 0 1 1 1 1 1 0 
The assignment of customers to facilities: 18 19 2 27 2 12 2 27 22 28 4 28 13 13 28 18 3 10 22 0 18 16 5 24 10 18 27 19 4 2 19 19 4 16 27 6 8 8 24 16 18 8 6 4 8 19 13 2 19 14 24 16 24 16 8 6 11 8 18 25 4 0 7 8 13 11 5 14 28 25 18 12 19 8 5 10 10 5 8 16 10 0 26 25 4 13 6 5 27 7 28 6 25 25 2 3 11 6 0 28 28 16 25 18 4 0 4 24 22 3 19 4 27 12 12 8 28 7 14 8 26 11 28 19 26 16 2 11 26 0 28 24 25 10 5 8 3 3 28 10 12 22 11 11 25 5 24 16 27 25 24 0 10 0 8 11 2 16 3 13 13 27 10 24 5 27 5 4 3 2 5 8 19 14 26 2 0 10 4 10 5 16 2 19 12 8 28 10 0 2 2 2 6 4 7 12 7 2 10 19 
Time cost: 4.396467685699463s

Result: 22202
Status of facilities: 1 1 1 1 1 0 1 0 1 0 1 1 1 0 1 0 1 0 1 0 0 1 1 0 1 1 1 1 1 1 
The assignment of customers to facilities: 18 6 21 27 2 12 21 27 22 28 4 28 10 1 28 18 1 10 22 0 18 16 2 24 10 18 27 14 29 2 6 26 4 16 27 6 8 8 24 16 18 8 6 4 8 26 3 21 14 14 24 16 24 16 8 6 11 8 18 25 29 0 25 8 3 11 2 14 28 25 18 12 6 8 10 10 10 10 8 16 10 0 26 25 29 10 6 2 27 25 28 6 25 25 2 3 11 6 0 28 28 21 25 18 4 0 4 24 22 3 14 4 27 12 12 8 28 25 14 8 26 11 28 6 26 16 2 11 26 0 28 24 25 10 1 8 3 3 28 10 12 22 11 11 25 2 24 21 27 25 24 0 10 0 8 11 2 16 3 3 1 27 10 24 10 27 1 4 3 21 1 8 28 14 26 2 0 10 29 10 2 21 2 6 12 8 28 10 0 21 2 21 6 4 25 12 25 21 10 6 
Time cost: 4.365307092666626s

Result: 22193
Status of facilities: 1 0 1 1 1 1 1 0 1 0 1 1 1 0 0 0 1 1 1 0 0 1 0 1 1 1 1 1 1 1 
The assignment of customers to facilities: 18 6 21 27 2 12 21 27 18 28 4 28 10 3 28 18 3 10 27 0 18 16 5 24 10 18 27 28 29 2 6 26 4 16 27 6 8 8 24 16 18 8 6 4 8 26 3 21 6 10 24 16 24 16 8 6 11 8 18 25 29 0 18 8 3 11 5 17 28 25 18 12 6 8 23 23 10 23 8 16 10 0 26 25 29 10 6 5 27 25 28 6 25 25 2 3 11 6 0 28 28 21 25 18 4 0 4 24 27 3 26 4 27 12 12 8 28 25 17 8 26 11 17 6 26 16 2 11 26 17 28 24 25 10 23 8 3 3 28 10 12 27 11 11 25 5 24 21 27 25 24 17 23 0 8 11 2 16 3 3 3 27 10 24 5 27 5 4 3 21 5 8 28 10 26 2 0 10 29 10 5 21 2 6 12 8 28 23 0 21 2 21 6 4 25 12 25 21 10 6 
Time cost: 4.311440706253052s

Result: 22202
Status of facilities: 1 0 1 1 1 1 1 1 0 0 1 1 1 0 1 1 1 0 1 0 1 0 0 0 1 0 1 1 1 0 
The assignment of customers to facilities: 18 6 2 27 2 12 15 27 18 28 4 28 10 3 28 18 3 20 27 0 18 16 5 24 10 18 27 14 4 2 6 26 4 16 27 6 20 20 24 16 18 20 6 4 20 26 3 2 14 14 24 16 24 16 20 6 11 26 18 7 4 0 7 20 3 11 5 14 28 12 18 12 6 20 5 10 20 5 20 16 10 0 26 7 4 10 6 5 27 7 28 6 7 11 2 3 11 6 0 28 28 15 12 18 4 0 4 24 27 3 14 4 27 12 12 20 28 7 14 20 26 11 28 6 26 16 2 11 26 0 28 24 11 20 5 20 3 3 28 10 12 27 11 11 11 5 24 15 27 11 24 0 10 0 20 11 2 15 3 3 3 27 10 24 5 27 5 4 3 15 5 20 28 14 26 2 0 10 4 10 5 15 2 6 12 20 28 10 0 2 2 2 6 4 7 12 7 15 10 6 
Time cost: 4.162411689758301s

Result: 22043
Status of facilities: 1 1 1 1 1 0 0 1 0 1 1 1 1 0 0 1 0 0 1 1 1 1 1 0 1 1 0 1 1 1 
The assignment of customers to facilities: 18 19 21 27 2 12 15 27 22 28 4 28 10 1 28 18 1 20 22 0 18 21 2 24 10 18 27 19 29 2 19 19 4 21 27 12 20 9 24 15 18 9 12 4 20 19 3 21 19 20 24 24 24 21 20 12 11 9 18 7 29 0 7 20 3 11 2 19 28 25 18 12 19 9 10 10 20 10 20 24 10 0 9 25 29 10 19 2 27 7 28 19 25 25 2 3 11 12 0 28 28 15 25 18 4 0 4 24 22 3 19 4 27 12 12 20 28 7 0 20 9 11 28 19 9 21 2 11 19 0 28 24 25 20 1 9 3 3 28 10 12 22 11 11 25 2 24 15 27 25 24 0 10 0 20 11 2 15 3 3 1 27 10 24 10 27 1 4 3 21 1 20 19 10 4 2 0 10 29 10 2 21 2 19 12 9 28 10 0 21 2 21 19 4 7 12 7 15 10 19 
Time cost: 4.156281232833862s

Result: 22568
Status of facilities: 1 0 1 1 1 1 1 1 0 1 1 1 1 0 0 1 1 1 1 1 0 1 0 1 1 1 0 1 1 1 
The assignment of customers to facilities: 18 19 21 27 2 12 15 27 18 28 4 28 10 3 28 18 3 10 27 0 18 16 5 24 10 18 27 19 29 2 19 19 4 16 27 6 10 9 24 16 18 9 6 4 9 19 3 21 19 10 24 16 24 16 9 6 11 9 18 7 29 0 7 9 3 11 5 17 28 25 18 12 19 9 23 23 10 23 9 16 10 0 9 25 29 10 6 5 27 7 28 6 25 25 2 3 11 6 0 28 28 15 25 18 4 0 4 24 27 3 19 4 27 12 12 9 28 7 17 9 9 11 17 19 9 16 2 11 19 17 28 24 25 10 23 9 3 3 28 10 12 27 11 11 25 5 24 15 27 25 24 17 23 0 3 11 2 15 3 3 3 27 10 24 5 27 5 4 3 21 5 10 19 10 4 2 0 10 29 10 5 21 2 19 12 9 28 23 0 21 2 21 6 4 7 12 7 15 10 19 
Time cost: 4.140942335128784s

Result: 22075
Status of facilities: 1 0 1 1 1 1 0 1 1 0 1 1 1 1 0 0 1 1 1 1 1 1 0 0 1 0 1 1 1 0 
The assignment of customers to facilities: 18 19 21 27 2 12 21 27 27 28 4 28 13 13 28 18 3 20 27 0 18 16 5 24 10 18 27 19 4 2 19 19 4 16 27 12 20 8 24 16 18 8 12 4 8 19 13 21 19 20 24 16 24 16 8 12 11 8 18 7 4 0 7 8 13 11 5 17 28 12 18 12 19 8 5 13 20 5 8 16 10 0 26 7 4 13 19 5 27 7 28 19 7 11 2 3 11 12 0 28 28 21 12 18 4 0 4 24 27 3 19 4 27 12 12 8 28 7 17 8 26 11 17 19 26 16 2 11 26 17 28 24 11 20 5 8 3 3 28 10 12 27 11 11 11 5 24 21 27 7 24 17 10 0 8 11 2 16 3 13 13 27 10 24 5 27 5 4 3 21 5 20 19 10 26 2 0 10 4 10 5 21 2 19 12 8 28 10 0 21 2 21 19 4 7 12 7 21 10 19 
Time cost: 4.164494276046753s

Result: 22138
Status of facilities: 1 0 1 1 1 1 1 1 1 1 1 1 0 1 1 0 1 0 1 1 0 1 0 1 1 1 0 1 1 0 
The assignment of customers to facilities: 18 19 21 27 2 6 21 27 18 28 4 28 13 13 28 18 3 10 27 0 18 16 5 24 10 18 27 19 4 2 19 19 4 16 27 6 8 8 24 16 18 9 6 4 8 19 13 21 19 14 24 16 24 16 8 6 11 9 18 25 4 0 7 8 13 11 5 14 28 25 18 6 19 9 23 23 10 23 8 16 10 0 9 25 4 13 6 5 27 7 28 6 25 25 2 3 11 6 0 28 28 21 25 18 4 0 4 24 27 3 19 4 27 6 11 8 28 7 14 8 9 11 28 19 9 16 2 11 19 0 28 24 25 10 23 9 3 3 28 10 11 27 11 11 25 5 24 21 27 25 24 0 23 0 8 11 2 16 3 13 13 27 10 24 5 27 5 4 3 21 5 8 19 14 4 2 0 10 4 10 5 21 2 19 11 8 28 23 0 21 2 21 6 4 7 6 7 21 10 19 
Time cost: 4.160998106002808s

Result: 22054
Status of facilities: 1 0 1 1 1 1 1 1 1 0 1 1 1 0 1 1 0 0 1 1 1 0 1 0 1 1 0 1 1 0 
The assignment of customers to facilities: 18 19 2 27 2 12 15 27 22 28 4 28 10 3 28 18 3 20 22 0 18 24 5 24 10 18 27 19 4 2 19 19 4 24 27 6 20 8 24 15 18 8 6 4 8 19 3 2 19 14 24 24 24 15 8 6 11 8 18 7 4 0 7 8 3 11 5 14 28 25 18 12 19 8 5 10 20 5 8 24 10 0 8 25 4 10 6 5 27 7 28 6 25 25 2 3 11 6 0 28 28 15 25 18 4 0 4 24 22 3 19 4 27 12 12 8 28 7 14 8 14 11 28 19 4 15 2 11 19 0 28 24 25 20 5 8 3 3 28 10 12 22 11 11 25 5 24 15 27 25 24 0 10 0 8 11 2 15 3 3 3 27 10 24 5 27 5 4 3 15 5 20 19 14 4 2 0 10 4 10 5 15 2 6 12 8 28 10 0 24 2 2 6 4 7 12 7 15 10 19 
Time cost: 4.177782773971558s

Result: 23113
Status of facilities: 1 1 1 1 1 1 1 1 1 0 1 1 1 0 0 1 1 1 1 1 1 1 1 0 0 0 0 0 0 1 
The assignment of customers to facilities: 18 19 21 22 2 12 15 0 22 17 4 17 10 1 19 18 1 20 22 0 18 16 5 0 10 18 22 19 29 2 19 19 4 16 18 6 20 8 16 16 18 8 6 4 8 19 3 21 19 20 0 16 2 16 8 6 11 8 18 7 29 0 7 8 3 11 5 17 19 12 18 12 19 8 10 10 20 5 8 16 10 0 8 7 29 10 6 5 22 7 17 6 7 11 2 3 11 6 0 17 17 15 12 18 4 0 4 16 22 3 19 4 18 12 12 8 11 7 17 8 20 11 17 19 4 16 2 11 19 17 11 21 11 20 1 8 3 3 17 10 12 22 11 11 11 5 16 15 18 7 0 17 10 0 8 11 2 15 3 3 1 0 10 2 5 18 5 4 3 21 1 20 19 10 4 2 0 10 29 10 5 21 2 19 12 8 11 10 0 21 2 21 6 4 7 12 7 15 10 19 
Time cost: 4.19106912612915s

Result: 22532
Status of facilities: 1 0 1 1 1 1 0 1 0 0 1 1 1 1 0 0 1 1 1 1 1 1 1 0 0 1 1 0 1 0 
The assignment of customers to facilities: 18 19 21 22 2 12 21 28 22 28 4 28 13 13 28 18 3 20 22 0 18 16 5 0 10 18 22 19 4 2 19 19 4 16 28 12 20 20 16 16 18 20 12 4 20 19 13 21 19 20 0 16 2 16 20 12 11 26 18 7 4 0 7 20 13 11 5 17 28 25 18 12 19 20 5 13 20 5 20 16 10 0 26 25 4 13 19 5 22 7 28 19 25 25 2 3 11 12 0 28 28 21 25 18 4 0 4 16 22 3 19 4 18 12 12 20 28 7 17 20 26 11 17 19 26 16 2 11 26 17 28 21 25 20 5 20 3 3 28 10 12 22 11 11 25 5 16 21 18 25 0 17 10 0 20 11 2 16 3 13 13 0 10 2 5 18 5 4 3 21 5 20 19 10 26 2 0 10 4 10 5 21 2 19 12 20 28 10 0 21 2 21 19 4 7 12 7 21 10 19 
Time cost: 4.190962076187134s

Result: 22413
Status of facilities: 1 0 1 1 1 1 1 1 1 0 1 1 1 0 1 0 1 0 1 0 1 1 1 0 1 1 1 0 1 1 
The assignment of customers to facilities: 18 6 21 22 2 12 21 28 22 28 4 28 10 3 28 18 3 20 22 0 18 16 5 24 10 18 24 14 29 2 6 26 4 16 28 6 20 8 24 16 18 8 6 4 8 26 3 21 14 14 24 16 24 16 8 6 11 8 18 25 29 0 7 8 3 11 5 14 28 25 18 12 6 8 5 10 20 5 8 16 10 0 26 25 29 10 6 5 24 7 28 6 25 25 2 3 11 6 0 28 28 21 25 18 4 0 4 24 22 3 14 4 18 12 12 8 28 7 14 8 26 11 28 6 26 16 2 11 26 0 28 24 25 20 5 8 3 3 28 10 12 22 11 11 25 5 24 21 18 25 24 0 10 0 8 11 2 16 3 3 3 0 10 24 5 24 5 4 3 21 5 20 28 14 26 2 0 10 29 10 5 21 2 6 12 8 28 10 0 21 2 21 6 4 7 12 7 21 10 6 
Time cost: 4.153607606887817s

