Begin: 83989

Result: 27578
Status of facilities: 1 0 1 1 1 1 1 1 0 0 0 1 0 0 0 0 0 0 0 1 0 1 1 1 0 0 0 1 1 0 
The assignment of customers to facilities: 7 19 21 27 2 6 21 27 22 28 4 28 23 3 28 7 3 23 22 0 27 21 5 0 23 27 27 19 4 2 19 19 4 21 27 6 23 3 27 21 7 3 6 4 3 19 3 21 19 19 0 22 2 21 3 6 11 4 22 7 4 0 7 3 3 11 5 19 28 11 7 6 19 19 23 23 23 23 3 22 23 0 19 7 4 23 6 5 27 7 28 6 7 11 2 3 11 6 0 28 28 21 11 7 4 0 4 27 22 3 19 4 27 6 11 3 28 7 0 3 19 11 28 19 4 21 2 11 19 0 28 21 11 23 23 19 3 3 28 23 11 22 11 11 11 5 27 21 27 7 27 0 23 0 3 11 2 21 3 3 3 27 23 2 5 27 5 4 3 21 5 23 19 23 4 2 0 23 4 23 5 21 2 19 11 3 28 23 0 21 2 21 6 4 7 6 7 21 23 19 
Time cost: 4.2493486404418945s

Result: 27473
Status of facilities: 1 0 1 1 1 1 1 1 1 1 1 0 1 0 0 0 1 1 0 1 0 0 1 1 0 1 0 0 1 0 
The assignment of customers to facilities: 7 19 2 22 2 12 2 28 22 28 4 28 10 3 28 7 3 10 22 0 7 16 5 0 10 7 22 19 4 2 19 19 4 16 28 6 8 8 16 16 7 9 6 4 8 19 3 2 19 10 0 16 2 16 8 6 25 9 22 7 4 0 7 8 3 25 5 17 28 25 7 12 19 9 23 23 10 23 8 16 10 0 9 25 4 10 6 5 22 7 28 6 25 25 2 3 28 6 0 28 28 16 25 7 4 0 4 16 22 3 19 4 22 12 12 8 28 7 17 8 9 25 17 19 9 16 2 12 19 17 28 16 25 10 23 9 3 3 28 10 12 22 12 25 25 5 16 16 22 25 0 17 23 0 8 28 2 16 3 3 3 0 10 2 5 28 5 4 3 2 5 8 19 10 4 2 0 10 4 10 5 16 2 19 12 8 28 23 0 2 2 2 6 4 7 12 7 2 10 19 
Time cost: 4.21254563331604s

Result: 28786
Status of facilities: 1 1 1 1 1 1 1 1 0 1 0 1 0 0 1 1 1 1 1 1 0 0 0 0 0 1 0 1 0 0 
The assignment of customers to facilities: 18 19 2 27 2 6 15 27 18 17 4 17 3 1 19 18 1 14 27 0 18 16 5 0 14 18 27 19 4 2 19 19 4 16 27 6 14 9 16 15 18 9 6 4 9 19 3 2 19 14 0 16 2 16 9 6 11 9 18 25 4 0 7 9 3 11 5 14 19 25 18 6 19 9 5 5 14 5 9 16 5 0 9 25 4 3 6 5 27 7 17 6 25 25 2 3 11 6 0 17 17 15 25 18 4 0 4 27 27 3 19 4 27 6 11 9 11 7 17 9 9 11 17 19 9 16 2 11 19 17 11 16 25 14 1 9 3 3 17 14 11 27 11 11 25 5 16 15 27 25 27 17 5 0 3 11 2 15 3 3 1 27 14 2 5 27 5 4 3 15 1 14 19 14 4 2 0 14 4 14 5 15 2 19 11 9 11 5 0 2 2 2 6 4 7 6 7 15 14 19 
Time cost: 4.20166277885437s

Result: 27767
Status of facilities: 1 0 1 1 1 1 1 1 1 0 1 1 0 1 0 0 0 1 1 0 0 1 0 0 1 0 1 0 0 1 
The assignment of customers to facilities: 18 6 21 24 2 6 21 0 18 17 4 17 13 13 6 18 3 10 24 0 18 21 5 24 10 18 24 17 29 2 6 26 4 21 18 6 8 8 24 21 18 8 6 4 8 26 13 21 6 10 24 24 24 21 8 6 11 8 18 7 29 0 7 8 13 11 5 17 6 11 18 6 6 8 5 13 10 5 8 24 10 0 26 7 29 13 6 5 24 7 17 6 7 11 2 3 11 6 0 17 17 21 11 18 4 0 4 24 24 3 26 4 18 6 11 8 11 7 17 8 26 11 17 6 26 21 2 11 26 17 11 24 11 10 5 8 3 3 17 10 11 18 11 11 11 5 24 21 18 11 24 17 10 0 8 11 2 21 3 13 13 0 10 24 5 24 5 4 3 21 5 8 17 10 26 2 0 10 29 10 5 21 2 6 11 8 11 10 0 21 2 21 6 4 7 6 7 21 10 6 
Time cost: 4.216839551925659s

Result: 28777
Status of facilities: 1 0 1 1 1 0 1 1 0 0 1 0 0 1 0 0 1 1 0 0 0 1 0 1 1 0 0 0 1 1 
The assignment of customers to facilities: 7 6 21 24 2 6 21 28 24 28 4 28 13 13 28 7 3 10 24 0 7 16 23 24 10 7 24 28 29 2 6 4 4 16 28 6 10 13 24 16 7 10 6 4 3 4 13 21 6 10 24 16 24 16 13 6 7 10 7 7 29 0 7 10 13 28 23 17 28 7 7 6 6 10 23 23 10 23 13 16 10 0 4 7 29 13 6 2 24 7 28 6 7 7 2 3 28 6 0 28 28 21 7 7 4 0 4 24 16 3 6 4 24 6 6 13 28 7 17 13 10 7 17 6 4 16 2 28 4 17 28 24 7 10 23 10 3 3 28 10 6 24 28 7 7 2 24 21 24 7 24 17 23 0 13 28 2 16 3 13 13 0 10 24 23 24 23 4 3 21 23 10 28 10 4 2 0 10 29 10 2 21 2 6 6 13 28 23 0 21 2 21 6 4 7 6 7 21 10 6 
Time cost: 4.245708227157593s

Result: 27546
Status of facilities: 1 0 1 0 1 1 1 1 1 1 0 0 1 1 0 0 1 1 0 1 1 0 1 0 1 0 0 0 0 0 
The assignment of customers to facilities: 7 19 2 22 2 12 2 0 22 17 4 17 13 13 19 7 13 20 22 0 7 16 5 24 20 7 24 19 4 2 19 19 4 16 24 6 20 8 24 16 7 9 6 4 8 19 13 2 19 20 24 16 24 16 8 6 7 9 22 7 4 0 7 8 13 12 5 17 19 12 7 12 19 9 5 13 20 5 8 16 13 0 9 7 4 13 6 5 24 7 17 6 7 7 2 13 17 6 0 17 17 16 12 7 4 0 4 24 22 13 19 4 22 12 12 8 17 7 17 8 9 12 17 19 9 16 2 12 19 17 17 24 12 20 5 9 13 13 17 20 12 22 12 12 7 5 24 16 22 7 24 17 5 0 8 12 2 16 13 13 13 0 20 24 5 24 5 4 13 2 5 20 19 20 4 2 0 20 4 20 5 16 2 19 12 8 12 13 0 24 2 2 6 4 7 12 7 2 20 19 
Time cost: 4.416020154953003s

Result: 28065
Status of facilities: 1 0 1 1 1 1 1 0 0 0 1 1 0 1 1 0 0 1 1 0 1 1 1 0 1 1 0 1 0 0 
The assignment of customers to facilities: 18 6 21 27 2 6 21 27 22 17 4 17 13 13 6 18 3 20 22 0 18 21 5 24 10 18 27 14 4 2 6 4 4 21 27 6 20 20 24 21 18 20 6 4 20 4 13 21 14 14 24 24 24 21 20 6 11 20 18 25 4 0 25 20 13 11 5 14 6 25 18 6 6 20 5 13 20 5 20 24 10 0 20 25 4 13 6 5 27 25 17 6 25 25 2 3 11 6 0 17 17 21 25 18 4 0 4 24 22 3 14 4 27 6 11 20 11 25 17 20 14 11 17 6 4 21 2 11 4 17 11 24 25 20 5 20 3 3 17 10 11 22 11 11 25 5 24 21 27 25 24 17 10 0 20 11 2 21 3 13 13 27 10 24 5 27 5 4 3 21 5 20 14 14 4 2 0 10 4 10 5 21 2 6 11 20 11 10 0 21 2 21 6 4 25 6 25 21 10 6 
Time cost: 4.443568229675293s

Result: 28191
Status of facilities: 1 0 1 1 1 1 1 1 0 0 0 0 1 1 0 0 1 0 1 1 0 1 0 0 0 1 1 0 1 0 
The assignment of customers to facilities: 18 19 21 18 2 12 21 28 18 28 4 28 13 3 28 18 3 13 16 0 18 16 5 0 13 18 18 19 4 2 19 19 4 16 28 6 13 13 16 16 18 26 6 4 3 19 13 21 19 19 0 16 2 16 13 6 25 26 18 25 4 0 7 13 13 25 5 19 28 25 18 12 19 26 5 13 13 5 13 16 13 0 26 25 4 13 6 5 18 7 28 6 25 25 2 3 28 6 0 28 28 21 25 18 4 0 4 16 16 3 19 4 18 12 12 13 28 7 0 13 26 25 28 19 26 16 2 12 26 0 28 21 25 13 5 26 3 3 28 13 12 18 12 25 25 5 16 21 18 25 0 0 5 0 13 28 2 16 3 13 13 0 13 2 5 18 5 4 3 21 5 13 19 19 26 2 0 13 4 13 5 21 2 19 12 13 28 13 0 21 2 21 6 4 7 12 7 21 5 19 
Time cost: 4.431467771530151s

Result: 27846
Status of facilities: 1 0 1 1 1 1 1 1 1 0 1 0 1 1 1 1 0 0 1 0 0 1 1 0 0 0 1 0 1 0 
The assignment of customers to facilities: 18 6 21 22 2 12 15 28 22 28 4 28 13 13 28 18 3 10 22 0 18 21 5 0 10 18 22 14 4 2 6 26 4 21 28 6 8 8 21 15 18 8 6 4 8 26 13 21 14 14 0 22 2 21 8 6 18 8 18 7 4 0 7 8 13 12 5 14 28 12 18 12 6 8 5 13 10 5 8 22 10 0 26 7 4 13 6 5 22 7 28 6 7 7 2 3 28 6 0 28 28 15 12 18 4 0 4 21 22 3 14 4 18 12 12 8 28 7 14 8 26 12 28 6 26 21 2 12 26 0 28 21 12 10 5 8 3 3 28 10 12 22 12 12 7 5 21 15 18 7 0 0 10 0 8 28 2 15 3 13 13 0 10 2 5 18 5 4 3 21 5 8 28 14 26 2 0 10 4 10 5 21 2 6 12 8 28 10 0 21 2 21 6 4 7 12 7 15 10 6 
Time cost: 4.351022243499756s

Result: 27121
Status of facilities: 1 0 1 1 1 1 1 1 0 0 1 1 1 0 1 0 0 0 0 1 0 1 0 0 1 0 0 1 1 0 
The assignment of customers to facilities: 7 19 21 27 2 12 21 27 27 28 4 28 10 3 28 7 3 10 27 0 27 21 5 24 10 27 27 19 4 2 19 19 4 21 27 6 14 3 24 21 7 14 6 4 3 19 3 21 19 14 24 24 24 21 10 6 11 14 27 7 4 0 7 10 3 11 5 14 28 12 7 12 19 14 5 10 10 5 10 24 10 0 14 7 4 10 6 5 27 7 28 6 7 11 2 3 11 6 0 28 28 21 12 7 4 0 4 24 27 3 19 4 27 12 12 10 28 7 14 3 14 11 28 19 4 21 2 11 19 0 28 24 11 10 5 14 3 3 28 10 12 27 11 11 11 5 24 21 27 7 24 0 10 0 3 11 2 21 3 3 3 27 10 24 5 27 5 4 3 21 5 10 19 14 4 2 0 10 4 10 5 21 2 19 12 3 28 10 0 21 2 21 6 4 7 12 7 21 10 19 
Time cost: 4.304027318954468s

Result: 28245
Status of facilities: 1 1 1 1 1 1 1 1 0 0 1 0 1 0 1 0 1 1 0 0 1 0 0 0 1 1 1 1 0 0 
The assignment of customers to facilities: 7 6 2 27 2 12 2 27 27 17 4 17 10 1 6 7 1 20 27 0 27 16 5 24 10 27 27 14 4 2 6 26 4 16 27 6 20 20 24 16 7 20 6 4 20 26 3 2 14 14 24 16 24 16 20 6 25 26 27 7 4 0 7 20 3 25 5 14 6 25 7 12 6 20 5 10 20 5 20 16 10 0 26 25 4 10 6 5 27 7 17 6 25 25 2 3 27 6 0 17 17 16 25 7 4 0 4 24 27 3 14 4 27 12 12 20 17 7 17 20 26 25 17 6 26 16 2 12 26 17 27 24 25 20 1 20 3 3 17 10 12 27 12 25 25 5 24 16 27 25 24 17 10 0 20 12 2 16 3 3 1 27 10 24 5 27 5 4 3 2 1 20 14 14 26 2 0 10 4 10 5 16 2 6 12 20 12 10 0 2 2 2 6 4 7 12 7 2 10 6 
Time cost: 4.193488121032715s

Result: 28089
Status of facilities: 1 0 1 1 1 1 1 1 0 0 1 0 0 1 0 0 0 1 0 1 0 1 1 0 1 0 1 1 0 0 
The assignment of customers to facilities: 7 19 21 27 2 6 21 27 22 17 4 17 13 13 19 7 3 10 22 0 27 21 5 24 10 27 27 19 4 2 19 19 4 21 27 6 10 13 24 21 7 26 6 4 13 19 13 21 19 10 24 24 24 21 13 6 7 26 22 7 4 0 7 10 13 6 5 17 19 7 7 6 19 26 5 13 10 5 13 24 10 0 26 7 4 13 6 5 27 7 17 6 7 7 2 3 27 6 0 17 17 21 7 7 4 0 4 24 22 3 19 4 27 6 6 13 17 7 17 13 26 7 17 19 26 21 2 6 26 17 27 24 7 10 5 26 3 3 17 10 6 22 6 7 7 5 24 21 27 7 24 17 10 0 13 6 2 21 3 13 13 27 10 24 5 27 5 4 3 21 5 10 19 10 26 2 0 10 4 10 5 21 2 19 6 13 6 10 0 21 2 21 6 4 7 6 7 21 10 19 
Time cost: 4.208503246307373s

Result: 27405
Status of facilities: 1 0 1 1 1 1 1 1 0 1 1 1 0 1 1 1 0 0 0 0 0 0 0 0 0 1 0 1 1 0 
The assignment of customers to facilities: 7 6 2 27 2 6 15 27 27 28 4 28 13 13 28 7 3 10 27 0 27 15 5 0 10 27 27 14 4 2 6 4 4 15 27 6 14 9 27 15 7 9 6 4 9 4 13 2 14 14 0 27 2 15 9 6 11 9 27 7 4 0 7 9 13 11 5 14 28 25 7 6 6 9 5 13 10 5 9 27 10 0 9 25 4 13 6 5 27 7 28 6 25 25 2 3 11 6 0 28 28 15 25 7 4 0 4 27 27 3 14 4 27 6 11 9 28 7 14 9 9 11 28 6 9 15 2 11 4 0 28 2 25 10 5 9 3 3 28 10 11 27 11 11 25 5 27 15 27 25 27 0 10 0 13 11 2 15 3 13 13 27 10 2 5 27 5 4 3 15 5 10 28 14 4 2 0 10 4 10 5 15 2 6 11 9 28 10 0 2 2 2 6 4 7 6 7 15 10 6 
Time cost: 4.2201149463653564s

Result: 28796
Status of facilities: 1 1 1 1 1 1 1 1 0 1 1 0 0 0 1 1 0 1 0 1 1 0 1 0 1 0 0 0 0 0 
The assignment of customers to facilities: 7 19 2 22 2 6 15 0 22 17 4 17 10 1 19 7 1 20 22 0 7 24 5 24 10 7 24 19 4 2 19 19 4 24 24 6 20 9 24 15 7 9 6 4 20 19 3 2 19 14 24 24 24 15 20 6 7 9 22 7 4 0 7 20 3 7 5 14 19 7 7 6 6 9 5 10 20 5 20 24 10 0 9 7 4 10 6 5 24 7 17 6 7 7 2 3 17 6 0 17 17 15 7 7 4 0 4 24 22 3 19 4 22 6 6 20 17 7 17 20 9 7 17 19 9 15 2 6 19 17 17 24 7 20 1 9 3 3 17 10 6 22 6 7 7 5 24 15 22 7 24 17 10 0 20 6 2 15 3 3 1 0 10 24 5 24 5 4 3 15 1 20 19 14 4 2 0 10 4 10 5 15 2 19 6 9 6 10 0 24 2 2 6 4 7 6 7 15 10 19 
Time cost: 4.220184803009033s

Result: 27513
Status of facilities: 1 0 1 1 1 1 1 1 1 0 0 1 1 1 0 0 1 0 0 0 0 1 0 0 0 1 1 1 1 0 
The assignment of customers to facilities: 7 6 21 27 2 12 21 27 27 28 4 28 13 13 28 7 3 13 27 0 27 16 5 0 13 27 27 28 4 2 6 26 4 16 27 6 8 8 16 16 7 8 6 4 8 26 13 21 6 26 0 16 2 16 8 6 11 8 27 7 4 0 7 8 13 11 5 28 28 25 7 12 6 8 5 13 8 5 8 16 13 0 26 25 4 13 6 5 27 7 28 6 25 25 2 3 11 6 0 28 28 21 25 7 4 0 4 27 27 3 26 4 27 12 12 8 28 7 0 8 26 11 28 6 26 16 2 11 26 0 28 21 25 8 5 8 3 3 28 13 12 27 11 11 25 5 16 21 27 25 27 0 5 0 8 11 2 16 3 13 13 27 13 2 5 27 5 4 3 21 5 8 28 8 26 2 0 13 4 13 5 21 2 6 12 8 28 13 0 21 2 21 6 4 7 12 7 21 13 6 
Time cost: 4.221097707748413s

Result: 28941
Status of facilities: 1 1 1 1 1 1 1 1 0 0 0 1 0 0 1 0 1 0 1 1 0 0 1 0 0 1 1 0 1 0 
The assignment of customers to facilities: 18 19 2 22 2 6 2 28 22 28 4 28 3 1 28 18 1 14 22 0 18 16 5 0 14 18 22 19 4 2 19 19 4 16 28 6 14 3 16 16 18 26 6 4 3 19 3 2 19 14 0 16 2 16 14 6 11 26 18 25 4 0 7 14 3 11 5 14 28 25 18 6 19 26 5 5 14 5 14 16 5 0 26 25 4 3 6 5 22 7 28 6 25 25 2 3 11 6 0 28 28 16 25 18 4 0 4 16 22 3 19 4 18 6 11 3 28 7 14 3 26 11 28 19 26 16 2 11 26 0 28 16 25 14 1 26 3 3 28 14 11 22 11 11 25 5 16 16 18 25 0 0 5 0 3 11 2 16 3 3 1 0 14 2 5 18 5 4 3 2 1 14 19 14 26 2 0 14 4 14 5 16 2 19 11 26 28 5 0 2 2 2 6 4 7 6 7 2 14 19 
Time cost: 4.215195417404175s

Result: 27001
Status of facilities: 1 0 1 1 1 1 1 1 0 1 0 1 0 0 0 1 0 1 0 1 1 0 1 0 1 0 0 0 1 0 
The assignment of customers to facilities: 7 19 2 22 2 6 15 28 22 28 4 28 20 3 28 7 3 20 22 0 11 24 5 24 20 11 24 19 4 2 19 19 4 24 28 6 20 9 24 15 7 9 6 4 20 19 3 2 19 20 24 24 24 15 20 6 11 9 22 7 4 0 7 20 3 11 5 17 28 11 7 6 19 9 5 5 20 5 20 24 20 0 9 7 4 20 6 5 24 7 28 6 7 11 2 3 11 6 0 28 28 15 11 7 4 0 4 24 22 3 19 4 22 6 11 20 28 7 17 20 9 11 17 19 9 15 2 11 19 17 28 24 11 20 5 9 3 3 28 20 11 22 11 11 11 5 24 15 22 11 24 17 5 0 20 11 2 15 3 3 3 0 20 24 5 24 5 4 3 15 5 20 19 20 4 2 0 20 4 20 5 15 2 19 11 9 28 5 0 2 2 2 6 4 7 6 7 15 20 19 
Time cost: 4.215981721878052s

Result: 27288
Status of facilities: 1 0 1 0 1 1 1 1 1 0 1 0 1 1 1 1 0 0 0 0 1 0 0 0 1 0 1 1 1 0 
The assignment of customers to facilities: 7 6 2 27 2 12 15 27 27 28 4 28 13 13 28 7 13 20 27 0 27 24 5 24 10 27 27 14 4 2 6 26 4 24 27 6 20 8 24 15 7 8 6 4 8 26 13 2 14 14 24 24 24 15 8 6 7 8 27 7 4 0 7 8 13 12 5 14 28 12 7 12 6 8 5 13 20 5 8 24 10 0 26 7 4 13 6 5 27 7 28 6 7 7 2 13 28 6 0 28 28 15 12 7 4 0 4 24 27 13 14 4 27 12 12 8 28 7 14 8 26 12 28 6 26 15 2 12 26 0 28 24 12 20 5 8 13 13 28 10 12 27 12 12 7 5 24 15 27 7 24 0 10 0 8 28 2 15 13 13 13 27 10 24 5 27 5 4 13 15 5 20 28 14 26 2 0 10 4 10 5 15 2 6 12 8 28 10 0 2 2 2 6 4 7 12 7 15 10 6 
Time cost: 4.180381774902344s

Result: 27907
Status of facilities: 1 0 1 1 1 1 1 1 0 1 1 1 1 0 0 0 1 0 0 0 0 1 0 1 0 1 0 1 0 1 
The assignment of customers to facilities: 7 6 21 27 2 12 21 27 27 27 4 6 10 3 6 7 3 10 27 0 27 16 5 0 10 27 27 6 29 2 6 4 4 16 27 6 10 9 16 16 7 9 6 4 9 4 3 21 6 10 0 16 2 16 9 6 11 9 27 7 29 0 7 9 3 11 5 10 6 25 7 12 6 9 23 23 10 23 9 16 10 0 9 25 29 10 6 5 27 7 11 6 25 25 2 3 11 6 0 11 0 21 25 7 4 0 4 27 27 3 6 4 27 12 12 9 11 7 0 9 9 11 0 6 9 16 2 11 4 0 11 21 25 10 23 9 3 3 11 10 12 27 11 11 25 5 16 21 27 25 27 0 23 0 3 11 2 16 3 3 3 27 10 2 5 27 5 4 3 21 5 10 6 10 4 2 0 10 29 10 5 21 2 6 12 9 11 23 0 21 2 21 6 4 7 12 7 21 10 6 
Time cost: 4.1964430809021s

Result: 28257
Status of facilities: 1 1 1 1 1 1 1 1 0 0 0 1 0 0 1 0 1 1 0 0 0 1 0 1 0 0 0 1 0 0 
The assignment of customers to facilities: 7 6 21 27 2 6 21 27 27 17 4 17 23 1 6 7 1 14 27 0 27 16 5 0 23 27 27 14 4 2 6 4 4 16 27 6 14 3 16 16 7 14 6 4 3 4 3 21 14 14 0 16 2 16 3 6 11 14 27 7 4 0 7 14 3 11 5 14 6 11 7 6 6 14 23 23 14 23 14 16 23 0 14 7 4 23 6 5 27 7 17 6 7 11 2 3 11 6 0 17 17 21 11 7 4 0 4 27 27 3 14 4 27 6 11 3 11 7 17 3 14 11 17 6 4 16 2 11 4 17 11 21 11 14 23 14 3 3 17 14 11 27 11 11 11 5 16 21 27 11 27 17 23 0 3 11 2 16 3 3 1 27 23 2 5 27 5 4 3 21 1 14 14 14 4 2 0 14 4 14 5 21 2 6 11 3 11 23 0 21 2 21 6 4 7 6 7 21 23 6 
Time cost: 4.212007284164429s

Result: 28713
Status of facilities: 1 1 1 1 1 1 1 1 0 0 1 1 1 1 0 0 0 1 1 1 0 1 0 0 0 0 0 1 0 0 
The assignment of customers to facilities: 18 19 21 27 2 12 21 27 18 17 4 17 13 1 19 18 1 10 27 0 18 21 5 0 10 18 27 19 4 2 19 19 4 21 27 6 10 13 27 21 18 10 6 4 13 19 13 21 19 10 0 21 2 21 13 6 11 10 18 7 4 0 7 10 13 11 5 17 19 12 18 12 19 10 5 13 10 5 13 21 10 0 19 7 4 13 6 5 27 7 17 6 7 11 2 3 11 6 0 17 17 21 12 18 4 0 4 27 27 3 19 4 27 12 12 13 11 7 17 13 19 11 17 19 4 21 2 11 19 17 11 21 11 10 1 10 3 3 17 10 12 27 11 11 11 5 27 21 27 7 27 17 10 0 13 11 2 21 3 13 13 27 10 2 5 27 5 4 3 21 1 10 19 10 4 2 0 10 4 10 5 21 2 19 12 13 11 10 0 21 2 21 6 4 7 12 7 21 10 19 
Time cost: 4.207155227661133s

Result: 28568
Status of facilities: 1 0 1 1 1 1 1 1 1 0 0 0 1 1 1 0 0 1 0 1 0 0 0 1 1 1 1 0 1 0 
The assignment of customers to facilities: 7 19 2 24 2 12 2 28 24 28 4 28 13 13 28 7 3 13 24 0 7 24 5 24 23 7 24 19 4 2 19 19 4 24 28 6 8 8 24 24 7 8 6 4 8 19 13 2 19 14 24 24 24 24 8 6 25 8 7 7 4 0 7 8 13 25 5 14 28 25 7 12 19 8 23 23 8 23 8 24 23 0 26 25 4 13 6 5 24 7 28 6 25 25 2 3 28 6 0 28 28 2 25 7 4 0 4 24 24 3 19 4 24 12 12 8 28 7 17 8 26 25 17 19 26 24 2 12 26 17 28 24 25 8 23 8 3 3 28 14 12 24 12 25 25 5 24 2 24 25 24 17 23 0 8 28 2 2 3 13 13 0 23 24 5 28 5 4 3 2 5 8 19 14 26 2 0 14 4 14 5 2 2 19 12 8 28 23 0 2 2 2 6 4 7 12 7 2 23 19 
Time cost: 4.213544130325317s

Result: 27697
Status of facilities: 1 0 1 1 1 1 1 1 0 0 1 0 0 0 0 0 1 1 1 1 1 1 1 0 0 1 1 0 1 0 
The assignment of customers to facilities: 18 19 21 22 2 6 21 28 22 28 4 28 10 3 28 18 3 20 22 0 18 16 5 0 10 18 22 19 4 2 19 19 4 16 28 6 20 20 16 16 18 20 6 4 20 19 3 21 19 20 0 16 2 16 20 6 25 26 18 25 4 0 7 20 3 25 5 17 28 25 18 6 19 20 5 10 20 5 20 16 10 0 26 25 4 10 6 5 22 7 28 6 25 25 2 3 28 6 0 28 28 21 25 18 4 0 4 16 22 3 19 4 18 6 6 20 28 7 17 20 26 25 17 19 26 16 2 28 26 17 28 21 25 20 5 20 3 3 28 10 6 22 28 25 25 5 16 21 18 25 0 17 10 0 20 28 2 16 3 3 3 0 10 2 5 18 5 4 3 21 5 20 19 10 26 2 0 10 4 10 5 21 2 19 6 20 28 10 0 21 2 21 6 4 7 6 7 21 10 19 
Time cost: 4.22224235534668s

Result: 27684
Status of facilities: 1 1 1 1 1 1 1 1 1 0 0 1 0 0 0 0 0 1 0 1 0 1 0 0 1 0 1 1 1 0 
The assignment of customers to facilities: 7 19 21 27 2 6 21 27 27 28 4 28 8 1 28 7 1 8 27 0 27 21 5 24 5 27 27 19 4 2 19 19 4 21 27 6 8 8 24 21 7 8 6 4 8 19 3 21 19 17 24 24 24 21 8 6 11 8 27 7 4 0 7 8 3 11 5 17 28 11 7 6 19 8 5 5 8 5 8 24 5 0 26 7 4 8 6 5 27 7 28 6 7 11 2 3 11 6 0 28 28 21 11 7 4 0 4 24 27 3 19 4 27 6 11 8 28 7 17 8 26 11 17 19 26 21 2 11 26 17 28 24 11 8 1 8 3 3 28 17 11 27 11 11 11 5 24 21 27 7 24 17 5 0 8 11 2 21 3 3 1 27 5 24 5 27 5 4 3 21 1 8 19 17 26 2 0 8 4 8 5 21 2 19 11 8 28 5 0 21 2 21 6 4 7 6 7 21 17 19 
Time cost: 4.284291982650757s

Result: 27993
Status of facilities: 1 1 1 1 1 1 1 1 1 0 1 0 0 0 1 1 0 0 0 0 0 0 0 0 1 1 1 1 0 1 
The assignment of customers to facilities: 7 6 2 27 2 6 15 27 27 27 4 14 10 1 6 7 1 10 27 0 27 24 5 24 10 27 27 14 29 2 6 26 4 24 27 6 8 8 24 15 7 8 6 4 8 26 3 2 14 14 24 24 24 15 8 6 25 8 27 25 29 0 7 8 3 25 5 14 6 25 7 6 6 8 5 10 10 5 8 24 10 0 26 25 29 10 6 5 27 7 27 6 25 25 2 3 27 6 0 6 14 15 25 7 4 0 4 24 27 3 14 4 27 6 6 8 27 7 14 8 26 25 0 6 26 15 2 6 26 0 27 24 25 10 1 8 3 3 0 10 6 27 6 25 25 5 24 15 27 25 24 0 10 0 8 25 2 15 3 3 1 27 10 24 5 27 5 4 3 15 1 8 14 14 26 2 0 10 29 10 5 15 2 6 6 8 6 10 0 2 2 2 6 4 7 6 7 15 10 6 
Time cost: 4.433643341064453s

Result: 28825
Status of facilities: 1 0 1 1 1 1 1 1 0 0 0 0 1 0 1 1 0 1 0 0 1 1 0 1 0 1 1 0 1 0 
The assignment of customers to facilities: 7 6 21 0 2 12 15 28 7 28 4 28 20 3 28 7 3 20 21 0 7 21 5 0 23 7 0 14 4 2 6 26 4 21 28 6 20 20 21 15 7 20 6 4 20 26 3 21 14 14 0 21 2 21 20 6 25 26 7 25 4 0 7 20 3 25 5 14 28 25 7 12 6 20 23 23 20 23 20 21 23 0 26 25 4 20 6 5 0 7 28 6 25 25 2 3 28 6 0 28 28 15 25 7 4 0 4 21 21 3 14 4 28 12 12 20 28 7 17 20 26 25 17 6 26 21 2 12 26 17 28 21 25 20 23 20 3 3 28 14 12 0 12 25 25 5 21 15 0 25 0 17 23 0 20 28 2 15 3 3 3 0 23 2 5 28 5 4 3 21 5 20 28 14 26 2 0 20 4 20 5 21 2 6 12 20 28 23 0 21 2 21 6 4 7 12 7 15 23 6 
Time cost: 4.403049945831299s

Result: 28011
Status of facilities: 1 0 1 1 1 1 1 1 0 1 1 1 0 0 0 0 0 1 0 0 1 0 1 1 1 0 1 1 0 0 
The assignment of customers to facilities: 7 6 2 27 2 6 2 27 22 17 4 17 10 3 6 7 3 20 22 0 27 24 5 24 10 27 27 17 4 2 6 26 4 24 27 6 20 9 24 24 7 9 6 4 20 26 3 2 6 20 24 24 24 24 20 6 11 9 22 7 4 0 7 20 3 11 5 17 6 11 7 6 6 9 23 23 20 23 20 24 10 0 9 7 4 10 6 5 27 7 17 6 7 11 2 3 11 6 0 17 17 2 11 7 4 0 4 24 22 3 26 4 27 6 11 20 11 7 17 20 26 11 17 6 26 24 2 11 26 17 11 24 11 20 23 9 3 3 17 10 11 22 11 11 11 5 24 2 27 11 24 17 23 0 20 11 2 2 3 3 3 27 10 24 5 27 5 4 3 2 5 20 17 10 26 2 0 10 4 10 5 2 2 6 11 9 11 23 0 2 2 2 6 4 7 6 7 2 10 6 
Time cost: 4.365178346633911s

Result: 28457
Status of facilities: 1 0 1 1 1 1 1 1 0 1 1 1 0 1 0 0 0 1 1 0 0 0 1 1 1 1 0 0 1 0 
The assignment of customers to facilities: 18 6 2 22 2 6 2 28 22 28 4 28 13 13 28 18 3 10 22 0 18 24 5 24 10 18 24 28 4 2 6 4 4 24 28 6 10 9 24 24 18 9 6 4 9 4 13 2 6 10 24 24 24 24 9 6 11 9 18 7 4 0 7 9 13 11 5 17 28 25 18 6 6 9 23 23 10 23 9 24 10 0 9 25 4 13 6 5 24 7 28 6 25 25 2 3 11 6 0 28 28 2 25 18 4 0 4 24 22 3 6 4 18 6 11 9 28 7 17 9 9 11 17 6 9 24 2 11 4 17 28 24 25 10 23 9 3 3 28 10 11 22 11 11 25 5 24 2 18 25 24 17 23 0 13 11 2 2 3 13 13 0 10 24 5 24 5 4 3 2 5 10 28 10 4 2 0 10 4 10 5 2 2 6 11 9 28 23 0 2 2 2 6 4 7 6 7 2 10 6 
Time cost: 4.346555471420288s

Result: 28592
Status of facilities: 1 0 1 1 1 1 1 1 0 0 1 1 0 1 1 1 0 1 0 0 1 0 1 1 0 0 0 0 0 0 
The assignment of customers to facilities: 7 6 2 22 2 6 15 0 22 17 4 17 13 13 6 7 3 20 22 0 11 15 5 0 10 11 22 14 4 2 6 4 4 15 0 6 20 20 22 15 7 20 6 4 20 4 13 2 14 14 0 22 2 15 20 6 11 20 22 7 4 0 7 20 13 11 5 14 6 11 7 6 6 20 23 23 20 23 20 22 10 0 20 7 4 13 6 5 22 7 17 6 7 11 2 3 11 6 0 17 17 15 11 7 4 0 4 22 22 3 14 4 22 6 11 20 11 7 17 20 14 11 17 6 4 15 2 11 4 17 11 2 11 20 23 20 3 3 17 10 11 22 11 11 7 5 22 15 22 7 0 17 23 0 20 11 2 15 3 13 13 0 10 2 5 0 5 4 3 15 5 20 14 14 4 2 0 10 4 10 5 15 2 6 11 20 11 23 0 2 2 2 6 4 7 6 7 15 10 6 
Time cost: 4.263560056686401s

Result: 28125
Status of facilities: 1 1 1 1 1 1 1 1 0 0 0 1 1 0 0 0 1 1 0 0 1 1 0 0 1 1 0 1 1 0 
The assignment of customers to facilities: 7 6 21 27 2 12 21 27 27 28 4 28 20 1 28 7 1 20 27 0 27 16 5 24 5 27 27 28 4 2 6 4 4 16 27 6 20 20 24 16 7 20 6 4 20 4 3 21 6 20 24 16 24 16 20 6 11 20 27 25 4 0 7 20 3 11 5 17 28 25 7 12 6 20 5 5 20 5 20 16 20 0 20 25 4 20 6 5 27 7 28 6 25 25 2 3 11 6 0 28 28 21 25 7 4 0 4 24 27 3 6 4 27 12 12 20 28 7 17 3 4 11 17 6 4 16 2 11 4 17 28 24 25 20 1 20 3 3 28 17 12 27 11 11 25 5 24 21 27 25 24 17 5 0 20 11 2 16 3 3 3 27 20 24 5 27 5 4 3 21 1 20 28 17 4 2 0 20 4 20 5 21 2 6 12 20 28 5 0 21 2 21 6 4 7 12 7 21 20 6 
Time cost: 4.2331321239471436s

