Begin: 89589

Result: 39146
Status of facilities: 1 1 1 1 1 1 1 1 0 0 1 0 0 0 1 0 0 1 1 1 0 1 0 0 0 1 0 0 0 0 
The assignment of customers to facilities: 18 19 21 18 2 6 21 0 18 17 4 17 10 1 19 18 1 10 18 0 18 21 5 0 10 18 18 19 4 2 19 19 4 21 18 6 14 3 21 21 18 14 6 4 3 19 3 21 19 14 0 21 2 21 10 6 25 14 18 25 4 0 7 10 3 25 5 14 19 25 18 6 19 14 5 10 10 5 10 21 10 0 14 25 4 10 6 5 18 7 17 6 25 25 2 3 18 6 0 17 17 21 25 18 4 0 4 21 18 3 19 4 18 6 6 10 17 7 17 3 14 25 17 19 4 21 2 6 19 17 17 21 25 10 1 14 3 3 17 10 6 18 6 25 25 5 21 21 18 25 0 17 10 0 3 25 2 21 3 3 1 0 10 2 5 18 5 4 3 21 1 10 19 14 4 2 0 10 4 10 5 21 2 19 6 3 6 10 0 21 2 21 6 4 7 6 7 21 10 19 
Time cost: 4.295079231262207s

Result: 40093
Status of facilities: 1 0 1 1 1 1 1 1 1 0 0 0 1 0 1 1 0 1 0 1 1 0 0 1 1 0 0 1 1 0 
The assignment of customers to facilities: 7 19 2 27 2 12 15 27 27 28 4 28 20 3 28 7 3 20 27 0 27 24 5 24 23 27 27 19 4 2 19 19 4 24 27 6 20 8 24 15 7 8 6 4 8 19 3 2 19 14 24 24 24 15 8 6 7 8 27 7 4 0 7 8 3 12 5 14 28 12 7 12 19 8 23 23 20 23 8 24 23 0 8 7 4 20 6 5 27 7 28 6 7 7 2 3 28 6 0 28 28 15 12 7 4 0 4 24 27 3 19 4 27 12 12 8 28 7 17 8 14 12 17 19 4 15 2 12 19 17 28 24 12 20 23 8 3 3 28 14 12 27 12 12 7 5 24 15 27 7 24 17 23 0 8 28 2 15 3 3 3 27 23 24 5 27 5 4 3 15 5 20 19 14 4 2 0 20 4 20 5 15 2 19 12 8 28 23 0 2 2 2 6 4 7 12 7 15 23 19 
Time cost: 4.267430067062378s

Result: 38554
Status of facilities: 1 0 1 1 1 1 1 1 1 0 0 1 1 0 1 0 0 0 1 1 0 0 0 0 0 0 1 1 0 0 
The assignment of customers to facilities: 18 19 2 27 2 12 2 27 18 27 4 19 8 3 19 18 3 8 27 0 18 2 5 0 14 18 27 19 4 2 19 19 4 2 27 6 8 8 27 2 18 8 6 4 8 19 3 2 19 14 0 27 2 2 8 6 11 8 18 7 4 0 7 8 3 11 5 14 19 12 18 12 19 8 5 5 8 5 8 27 5 0 26 7 4 8 6 5 27 7 11 6 7 11 0 3 11 6 0 11 19 2 12 18 4 0 4 27 27 3 19 4 27 12 12 8 11 7 14 8 26 11 0 19 26 2 2 11 26 0 11 2 11 14 5 8 3 3 11 14 12 27 11 11 11 5 27 2 27 11 27 0 5 0 8 11 2 2 3 3 3 27 14 2 5 27 5 4 3 2 5 8 19 14 26 2 0 14 4 14 5 2 2 19 12 8 11 5 0 2 2 2 6 4 7 12 7 2 14 19 
Time cost: 4.274984121322632s

Result: 38227
Status of facilities: 1 1 1 1 1 1 1 1 0 0 1 1 0 0 0 0 0 1 0 0 0 0 0 0 1 0 1 1 1 0 
The assignment of customers to facilities: 7 6 2 27 2 6 2 27 27 28 4 28 10 1 28 7 1 10 27 0 27 24 5 24 10 27 27 28 4 2 6 26 4 24 27 6 10 3 24 24 7 26 6 4 3 26 3 2 6 10 24 24 24 24 10 6 11 26 27 7 4 0 7 10 3 11 5 17 28 11 7 6 6 26 5 10 10 5 10 24 10 0 26 7 4 10 6 5 27 7 28 6 7 11 2 3 11 6 0 28 28 2 11 7 4 0 4 24 27 3 26 4 27 6 11 10 28 7 17 3 26 11 17 6 26 24 2 11 26 17 28 24 11 10 1 26 3 3 28 10 11 27 11 11 11 5 24 2 27 7 24 17 10 0 3 11 2 2 3 3 1 27 10 24 5 27 5 4 3 2 1 10 28 10 26 2 0 10 4 10 5 2 2 6 11 26 28 10 0 2 2 2 6 4 7 6 7 2 10 6 
Time cost: 4.2716758251190186s

Result: 38726
Status of facilities: 1 0 1 1 1 1 1 1 0 0 0 0 0 1 1 0 0 0 1 1 1 1 1 0 0 0 0 1 1 0 
The assignment of customers to facilities: 18 19 21 27 2 6 21 27 22 28 4 28 13 13 28 18 3 20 22 0 18 21 5 0 20 18 27 19 4 2 19 19 4 21 27 6 20 20 27 21 18 20 6 4 20 19 13 21 19 14 0 22 2 21 20 6 18 20 18 7 4 0 7 20 13 28 5 14 28 7 18 6 19 20 5 13 20 5 20 22 13 0 20 7 4 13 6 5 27 7 28 6 7 7 2 3 28 6 0 28 28 21 7 18 4 0 4 27 22 3 19 4 27 6 6 20 28 7 14 20 14 18 28 19 4 21 2 28 19 0 28 21 7 20 5 20 3 3 28 14 6 22 28 7 7 5 27 21 27 7 27 0 5 0 20 28 2 21 3 13 13 27 20 2 5 27 5 4 3 21 5 20 19 14 4 2 0 20 4 20 5 21 2 19 6 20 28 13 0 21 2 21 6 4 7 6 7 21 20 19 
Time cost: 4.222239017486572s

Result: 38026
Status of facilities: 1 1 1 1 1 1 1 1 0 0 0 0 1 0 0 0 0 0 0 1 1 1 0 1 1 1 0 0 0 0 
The assignment of customers to facilities: 7 19 21 24 2 12 21 0 24 0 4 19 20 1 19 7 1 20 24 0 7 21 5 24 23 7 24 19 4 2 19 19 4 21 24 6 20 20 24 21 7 20 6 4 20 19 3 21 19 20 24 24 24 21 20 6 25 20 7 7 4 0 7 20 3 25 5 19 19 25 7 12 19 20 23 23 20 23 20 24 23 0 20 25 4 20 6 5 24 7 0 6 25 25 2 3 12 6 0 19 19 21 25 7 4 0 4 24 24 3 19 4 24 12 12 20 19 7 0 20 20 25 0 19 4 21 2 12 19 0 12 24 25 20 23 20 3 3 0 23 12 24 12 25 25 5 24 21 24 25 24 0 23 0 20 12 2 21 3 3 1 0 23 24 5 24 5 4 3 21 1 20 19 20 4 2 0 20 4 20 5 21 2 19 12 20 12 23 0 21 2 21 6 4 7 12 7 21 23 19 
Time cost: 4.344952821731567s

Result: 40106
Status of facilities: 1 0 1 1 1 1 1 1 1 0 0 1 0 1 0 0 0 1 0 0 1 0 1 0 0 1 1 1 1 0 
The assignment of customers to facilities: 7 6 2 27 2 6 2 27 22 28 4 28 13 13 28 7 3 20 22 0 27 22 5 0 20 27 27 28 4 2 6 26 4 2 27 6 20 8 27 2 7 8 6 4 8 26 13 2 6 20 0 22 2 2 8 6 11 8 22 25 4 0 7 8 13 11 5 17 28 25 7 6 6 8 5 13 20 5 8 22 13 0 26 25 4 13 6 5 27 7 28 6 25 25 2 3 11 6 0 28 28 2 25 7 4 0 4 27 22 3 26 4 27 6 11 8 28 7 17 8 26 11 17 6 26 22 2 11 26 17 28 2 25 20 5 8 3 3 28 20 11 22 11 11 25 5 27 2 27 25 27 17 5 0 8 11 2 2 3 13 13 27 20 2 5 27 5 4 3 2 5 20 28 20 26 2 0 20 4 20 5 2 2 6 11 8 28 13 0 2 2 2 6 4 7 6 7 2 20 6 
Time cost: 4.386071681976318s

Result: 41308
Status of facilities: 1 1 1 1 1 1 1 1 0 1 1 1 1 0 1 0 0 1 0 0 0 0 1 0 1 0 1 0 1 0 
The assignment of customers to facilities: 7 6 2 22 2 12 2 28 22 28 4 28 10 1 28 7 1 10 22 0 11 24 5 24 10 11 24 14 4 2 6 26 4 24 28 6 14 9 24 24 7 9 6 4 9 26 3 2 14 14 24 24 24 24 9 6 11 9 22 7 4 0 7 9 3 11 5 14 28 12 7 12 6 9 5 10 10 5 9 24 10 0 9 7 4 10 6 5 24 7 28 6 7 11 2 3 11 6 0 28 28 2 12 7 4 0 4 24 22 3 14 4 22 12 12 9 28 7 17 9 26 11 17 6 26 24 2 11 26 17 28 24 11 10 1 9 3 3 28 10 12 22 11 11 11 5 24 2 22 11 24 17 10 0 3 11 2 2 3 3 1 0 10 24 5 24 5 4 3 2 1 10 28 14 26 2 0 10 4 10 5 2 2 6 12 9 28 10 0 2 2 2 6 4 7 12 7 2 10 6 
Time cost: 4.401918888092041s

Result: 38421
Status of facilities: 1 0 1 1 1 1 1 1 0 1 0 1 0 0 1 1 1 1 0 0 1 0 0 0 1 0 0 1 0 0 
The assignment of customers to facilities: 7 6 2 27 2 6 15 27 27 17 4 17 20 3 6 7 3 20 27 0 27 16 5 24 20 27 27 14 4 2 6 4 4 16 27 6 20 9 24 16 7 9 6 4 20 4 3 2 14 14 24 16 24 16 20 6 11 9 27 7 4 0 7 20 3 11 5 14 6 11 7 6 6 9 5 5 20 5 20 16 20 0 9 7 4 20 6 5 27 7 17 6 7 11 2 3 11 6 0 17 17 15 11 7 4 0 4 24 27 3 14 4 27 6 11 20 11 7 17 20 9 11 17 6 9 16 2 11 4 17 11 24 11 20 5 9 3 3 17 14 11 27 11 11 11 5 24 15 27 11 24 17 5 0 20 11 2 15 3 3 3 27 20 24 5 27 5 4 3 15 5 20 14 14 4 2 0 20 4 20 5 15 2 6 11 9 11 5 0 24 2 2 6 4 7 6 7 15 20 6 
Time cost: 4.397236585617065s

Result: 39483
Status of facilities: 1 0 1 1 1 1 1 1 1 0 1 0 0 0 0 0 0 1 0 1 1 1 1 1 0 0 0 1 1 0 
The assignment of customers to facilities: 7 19 21 27 2 6 21 27 22 28 4 28 10 3 28 7 3 20 22 0 27 21 5 0 10 27 27 19 4 2 19 19 4 21 27 6 20 8 27 21 7 8 6 4 8 19 3 21 19 20 0 22 2 21 8 6 7 8 22 7 4 0 7 8 3 7 5 17 28 7 7 6 19 8 23 23 20 23 8 22 10 0 8 7 4 10 6 5 27 7 28 6 7 7 2 3 28 6 0 28 28 21 7 7 4 0 4 27 22 3 19 4 27 6 6 8 28 7 17 8 20 7 17 19 4 21 2 28 19 17 28 21 7 20 23 8 3 3 28 10 6 22 28 7 7 5 27 21 27 7 27 17 23 0 8 28 2 21 3 3 3 27 10 2 5 27 5 4 3 21 5 20 19 10 4 2 0 10 4 10 5 21 2 19 6 8 28 23 0 21 2 21 6 4 7 6 7 21 10 19 
Time cost: 4.4315643310546875s

Result: 38223
Status of facilities: 1 0 1 1 1 1 1 1 0 1 0 1 0 0 0 0 1 0 1 0 1 1 0 0 1 0 1 0 1 0 
The assignment of customers to facilities: 18 6 21 24 2 6 21 28 18 28 4 28 20 3 28 18 3 20 24 0 18 16 5 24 20 18 24 28 4 2 6 26 4 16 28 6 20 9 24 16 18 9 6 4 20 26 3 21 6 20 24 16 24 16 20 6 11 9 18 7 4 0 7 20 3 11 5 28 28 11 18 6 6 9 5 5 20 5 20 16 20 0 9 7 4 20 6 5 24 7 28 6 7 11 2 3 11 6 0 28 28 21 11 18 4 0 4 24 16 3 26 4 18 6 11 20 28 7 0 20 26 11 28 6 26 16 2 11 26 0 28 24 11 20 5 9 3 3 28 20 11 18 11 11 11 5 24 21 18 7 24 0 5 0 20 11 2 16 3 3 3 0 20 24 5 24 5 4 3 21 5 20 28 20 26 2 0 20 4 20 5 21 2 6 11 9 28 5 0 21 2 21 6 4 7 6 7 21 20 6 
Time cost: 4.282752513885498s

Result: 38935
Status of facilities: 1 0 1 1 1 1 1 1 1 1 1 0 1 1 1 0 1 0 0 0 0 0 1 0 0 0 0 1 1 0 
The assignment of customers to facilities: 7 6 2 27 2 12 2 27 22 28 4 28 13 13 28 7 3 10 22 0 27 16 5 0 10 27 27 14 4 2 6 4 4 16 27 6 8 8 16 16 7 9 6 4 8 4 13 2 14 14 0 16 2 16 8 6 7 9 22 7 4 0 7 8 13 12 5 14 28 12 7 12 6 9 5 13 10 5 8 16 10 0 9 7 4 13 6 5 27 7 28 6 7 7 2 3 28 6 0 28 28 16 12 7 4 0 4 27 22 3 14 4 27 12 12 8 28 7 14 8 9 12 28 6 9 16 2 12 4 0 28 16 12 10 5 9 3 3 28 10 12 22 12 12 7 5 16 16 27 7 27 0 10 0 8 28 2 16 3 13 13 27 10 2 5 27 5 4 3 2 5 8 28 14 4 2 0 10 4 10 5 16 2 6 12 8 28 10 0 2 2 2 6 4 7 12 7 2 10 6 
Time cost: 4.255127429962158s

Result: 40986
Status of facilities: 1 0 1 1 1 1 1 1 1 0 0 1 0 1 1 0 1 1 1 0 1 1 0 0 0 1 0 0 1 0 
The assignment of customers to facilities: 18 6 21 18 2 6 21 28 18 28 4 28 13 13 28 18 3 20 16 0 18 16 5 0 20 18 18 14 4 2 6 4 4 16 28 6 20 8 16 16 18 8 6 4 8 4 13 21 14 14 0 16 2 16 8 6 11 8 18 25 4 0 7 8 13 11 5 14 28 25 18 6 6 8 5 13 20 5 8 16 13 0 8 25 4 13 6 5 18 7 28 6 25 25 2 3 11 6 0 28 28 21 25 18 4 0 4 16 16 3 14 4 18 6 11 8 28 7 17 8 14 11 17 6 4 16 2 11 4 17 28 21 25 20 5 8 3 3 28 14 11 18 11 11 25 5 16 21 18 25 0 17 5 0 8 11 2 16 3 13 13 0 20 2 5 28 5 4 3 21 5 20 28 14 4 2 0 20 4 20 5 21 2 6 11 8 28 13 0 21 2 21 6 4 7 6 7 21 20 6 
Time cost: 4.213850021362305s

Result: 39210
Status of facilities: 1 0 1 1 1 1 1 1 1 0 1 1 0 0 0 1 0 0 1 1 0 0 0 1 1 0 0 1 0 1 
The assignment of customers to facilities: 18 19 2 27 2 6 15 27 18 27 4 19 10 3 19 18 3 10 27 0 18 24 5 24 10 18 27 19 29 2 19 19 4 24 27 6 8 8 24 15 18 8 6 4 8 19 3 2 19 10 24 24 24 15 8 6 11 8 18 7 29 0 7 8 3 11 5 19 19 11 18 6 19 8 23 23 10 23 8 24 10 0 8 7 29 10 6 5 27 7 11 6 7 11 2 3 11 6 0 11 19 15 11 18 4 0 4 24 27 3 19 4 27 6 11 8 11 7 0 8 8 11 0 19 4 15 2 11 19 0 11 24 11 10 23 8 3 3 11 10 11 27 11 11 11 5 24 15 27 7 24 0 23 0 8 11 2 15 3 3 3 27 10 24 5 27 5 4 3 15 5 8 19 10 4 2 0 10 29 10 5 15 2 19 11 8 11 23 0 2 2 2 6 4 7 6 7 15 10 19 
Time cost: 4.237367153167725s

Result: 41156
Status of facilities: 1 0 1 1 1 1 1 1 0 0 1 1 0 1 1 1 0 1 0 0 1 1 0 0 0 1 1 1 0 0 
The assignment of customers to facilities: 7 6 21 27 2 6 15 27 27 17 4 17 13 13 6 7 3 20 27 0 27 21 5 0 10 27 27 14 4 2 6 26 4 21 27 6 20 20 27 15 7 20 6 4 20 26 13 21 14 14 0 21 2 21 20 6 11 26 27 7 4 0 7 20 13 11 5 14 6 25 7 6 6 20 5 13 20 5 20 21 10 0 26 25 4 13 6 5 27 7 17 6 25 25 2 3 11 6 0 17 17 15 25 7 4 0 4 27 27 3 14 4 27 6 11 20 11 7 17 20 26 11 17 6 26 21 2 11 26 17 11 21 25 20 5 20 3 3 17 10 11 27 11 11 25 5 27 15 27 25 27 17 10 0 20 11 2 15 3 13 13 27 10 2 5 27 5 4 3 21 5 20 14 14 26 2 0 10 4 10 5 21 2 6 11 20 11 10 0 21 2 21 6 4 7 6 7 15 10 6 
Time cost: 4.219550848007202s

Result: 39352
Status of facilities: 1 0 1 1 1 1 1 1 1 0 0 1 0 1 0 0 0 0 1 1 0 1 0 0 1 1 1 0 1 0 
The assignment of customers to facilities: 18 19 21 24 2 6 21 28 18 28 4 28 13 13 28 18 3 13 24 0 18 21 5 24 13 18 24 19 4 2 19 19 4 21 28 6 8 8 24 21 18 8 6 4 8 19 13 21 19 19 24 24 24 21 8 6 11 8 18 7 4 0 7 8 13 11 5 19 28 25 18 6 19 8 5 13 8 5 8 24 13 0 26 25 4 13 6 5 24 7 28 6 25 25 2 3 11 6 0 28 28 21 25 18 4 0 4 24 24 3 19 4 18 6 11 8 28 7 0 8 26 11 28 19 26 21 2 11 26 0 28 24 25 8 5 8 3 3 28 13 11 18 11 11 25 5 24 21 18 25 24 0 5 0 8 11 2 21 3 13 13 0 13 24 5 24 5 4 3 21 5 8 19 8 26 2 0 13 4 13 5 21 2 19 11 8 28 13 0 21 2 21 6 4 7 6 7 21 13 19 
Time cost: 4.234777927398682s

Result: 39989
Status of facilities: 1 1 1 1 1 1 1 1 0 0 0 0 1 0 0 0 1 1 1 1 1 1 0 0 0 0 1 0 1 0 
The assignment of customers to facilities: 18 19 21 18 2 12 21 28 18 28 4 28 3 1 28 18 1 20 16 0 18 16 5 0 20 18 18 19 4 2 19 19 4 16 28 6 20 20 16 16 18 20 6 4 20 19 3 21 19 20 0 16 2 16 20 6 18 26 18 7 4 0 7 20 3 12 5 17 28 12 18 12 19 20 5 5 20 5 20 16 5 0 26 7 4 20 6 5 18 7 28 6 7 7 2 3 28 6 0 28 28 21 12 18 4 0 4 16 16 3 19 4 18 12 12 20 28 7 17 20 26 12 17 19 26 16 2 12 26 17 28 21 12 20 1 20 3 3 28 17 12 18 12 12 7 5 16 21 18 7 0 17 5 0 20 28 2 16 3 3 3 0 20 2 5 28 5 4 3 21 1 20 19 20 26 2 0 20 4 20 5 21 2 19 12 20 28 5 0 21 2 21 6 4 7 12 7 21 20 19 
Time cost: 4.250344276428223s

Result: 38541
Status of facilities: 1 1 1 1 1 1 1 1 1 0 1 1 0 0 1 1 1 0 1 0 0 0 0 0 0 0 0 1 0 0 
The assignment of customers to facilities: 18 6 2 27 2 6 15 27 18 27 4 14 10 1 6 18 1 10 27 0 18 16 5 0 10 18 27 14 4 2 6 4 4 16 27 6 8 8 16 15 18 8 6 4 8 4 3 2 14 14 0 16 2 16 8 6 11 8 18 7 4 0 7 8 3 11 5 14 6 11 18 6 6 8 5 10 10 5 8 16 10 0 8 7 4 10 6 5 27 7 11 6 7 11 2 3 11 6 0 11 14 15 11 18 4 0 4 27 27 3 14 4 27 6 11 8 11 7 14 8 14 11 0 6 4 16 2 11 4 0 11 16 11 10 1 8 3 3 11 10 11 27 11 11 11 5 16 15 27 7 27 0 10 0 8 11 2 15 3 3 1 27 10 2 5 27 5 4 3 15 1 8 14 14 4 2 0 10 4 10 5 15 2 6 11 8 11 10 0 2 2 2 6 4 7 6 7 15 10 6 
Time cost: 4.405488967895508s

Result: 38860
Status of facilities: 1 1 1 1 1 1 1 1 0 0 0 1 1 0 0 1 0 1 0 0 1 0 0 0 1 0 1 1 0 0 
The assignment of customers to facilities: 7 6 2 27 2 12 15 27 27 17 4 17 20 1 6 7 1 20 27 0 27 24 5 24 20 27 27 17 4 2 6 26 4 24 27 6 20 20 24 15 7 20 6 4 20 26 3 2 6 17 24 24 24 15 20 6 11 26 27 7 4 0 7 20 3 11 5 17 6 12 7 12 6 20 5 5 20 5 20 24 20 0 26 7 4 20 6 5 27 7 17 6 7 11 2 3 11 6 0 17 17 15 12 7 4 0 4 24 27 3 26 4 27 12 12 20 11 7 17 20 26 11 17 6 26 15 2 11 26 17 11 24 11 20 1 20 3 3 17 20 12 27 11 11 7 5 24 15 27 7 24 17 5 0 20 11 2 15 3 3 1 27 20 24 5 27 5 4 3 15 1 20 17 20 26 2 0 20 4 20 5 15 2 6 12 20 11 5 0 2 2 2 6 4 7 12 7 15 17 6 
Time cost: 4.439856767654419s

Result: 38142
Status of facilities: 1 0 1 1 1 1 1 1 1 0 1 1 1 0 0 0 0 0 0 0 0 0 0 1 1 1 0 1 1 0 
The assignment of customers to facilities: 7 6 2 27 2 12 2 27 27 28 4 28 10 3 28 7 3 10 27 0 27 24 5 24 10 27 27 28 4 2 6 4 4 24 27 6 8 8 24 24 7 8 6 4 8 4 3 2 6 10 24 24 24 24 8 6 11 8 27 7 4 0 7 8 3 11 5 28 28 25 7 12 6 8 23 23 10 23 8 24 10 0 8 25 4 10 6 5 27 7 28 6 25 25 2 3 11 6 0 28 28 2 25 7 4 0 4 24 27 3 6 4 27 12 12 8 28 7 0 8 8 11 28 6 4 24 2 11 4 0 28 24 25 10 23 8 3 3 28 10 12 27 11 11 25 5 24 2 27 25 24 0 23 0 8 11 2 2 3 3 3 27 10 24 5 27 5 4 3 2 5 8 28 10 4 2 0 10 4 10 5 2 2 6 12 8 28 23 0 2 2 2 6 4 7 12 7 2 10 6 
Time cost: 4.490765571594238s

Result: 39677
Status of facilities: 1 1 1 1 1 1 1 1 0 0 0 1 1 0 1 0 1 1 0 0 1 0 0 0 1 0 0 1 1 0 
The assignment of customers to facilities: 7 6 2 27 2 12 2 27 27 28 4 28 20 1 28 7 1 20 27 0 27 16 5 24 20 27 27 14 4 2 6 4 4 16 27 6 20 20 24 16 7 20 6 4 20 4 3 2 14 14 24 16 24 16 20 6 11 20 27 7 4 0 7 20 3 11 5 14 28 12 7 12 6 20 5 5 20 5 20 16 20 0 20 7 4 20 6 5 27 7 28 6 7 11 2 3 11 6 0 28 28 16 12 7 4 0 4 24 27 3 14 4 27 12 12 20 28 7 17 20 14 11 17 6 4 16 2 11 4 17 28 24 11 20 1 20 3 3 28 14 12 27 11 11 11 5 24 16 27 7 24 17 5 0 20 11 2 16 3 3 1 27 20 24 5 27 5 4 3 2 1 20 28 14 4 2 0 14 4 20 5 16 2 6 12 20 28 5 0 24 2 2 6 4 7 12 7 2 20 6 
Time cost: 4.474439859390259s

Result: 38504
Status of facilities: 1 0 1 1 1 1 1 1 0 0 0 1 1 0 1 0 0 0 1 0 1 0 0 1 1 0 0 1 1 0 
The assignment of customers to facilities: 18 6 2 27 2 12 2 27 18 28 4 28 20 3 28 18 3 20 27 0 18 24 5 24 23 18 27 14 4 2 6 4 4 24 27 6 20 20 24 24 18 20 6 4 20 4 3 2 14 14 24 24 24 24 20 6 11 20 18 7 4 0 7 20 3 11 5 14 28 12 18 12 6 20 23 23 20 23 20 24 23 0 20 7 4 20 6 5 27 7 28 6 7 11 2 3 11 6 0 28 28 2 12 18 4 0 4 24 27 3 14 4 27 12 12 20 28 7 14 20 14 11 28 6 4 24 2 11 4 0 28 24 11 20 23 20 3 3 28 14 12 27 11 11 11 5 24 2 27 7 24 0 23 0 20 11 2 2 3 3 3 27 23 24 5 27 5 4 3 2 5 20 28 14 4 2 0 20 4 20 5 2 2 6 12 20 28 23 0 24 2 2 6 4 7 12 7 2 23 6 
Time cost: 4.362456798553467s

Result: 39768
Status of facilities: 1 0 1 1 1 1 1 1 1 1 0 0 0 0 1 0 0 0 1 0 1 0 0 1 1 1 0 0 1 1 
The assignment of customers to facilities: 18 6 2 24 2 6 2 28 18 28 4 28 20 3 28 18 3 20 24 0 18 24 5 24 23 18 24 14 29 2 6 4 4 24 28 6 20 8 24 24 18 9 6 4 8 4 3 2 14 14 24 24 24 24 8 6 25 9 18 25 29 0 7 8 3 25 5 14 28 25 18 6 6 9 23 23 20 23 8 24 23 0 9 25 29 20 6 5 24 7 28 6 25 25 2 3 28 6 0 28 28 2 25 18 4 0 4 24 24 3 14 4 18 6 6 8 28 7 14 8 9 25 28 6 9 24 2 28 4 0 28 24 25 20 23 9 3 3 28 14 6 24 28 25 25 5 24 2 18 25 24 0 23 0 8 28 2 2 3 3 3 0 23 24 5 24 5 4 3 2 5 20 28 14 4 2 0 20 29 20 5 2 2 6 6 8 28 23 0 2 2 2 6 4 7 6 7 2 23 6 
Time cost: 4.226354122161865s

Result: 40149
Status of facilities: 1 1 1 1 1 1 1 1 1 1 0 1 0 0 0 0 0 1 1 1 0 0 0 1 1 1 0 0 0 0 
The assignment of customers to facilities: 18 19 2 24 2 6 2 0 18 17 4 17 23 1 19 18 1 8 24 0 18 24 5 24 23 18 24 19 4 2 19 19 4 24 18 6 8 8 24 24 18 9 6 4 8 19 3 2 19 17 24 24 24 24 8 6 11 9 18 7 4 0 7 8 3 11 5 17 19 25 18 6 19 9 23 23 8 23 8 24 23 0 9 25 4 23 6 5 24 7 17 6 25 25 2 3 11 6 0 17 17 2 25 18 4 0 4 24 24 3 19 4 18 6 11 8 11 7 17 8 9 11 17 19 9 24 2 11 19 17 11 24 25 8 23 9 3 3 17 17 11 18 11 11 25 5 24 2 18 25 24 17 23 0 8 11 2 2 3 3 1 0 23 24 5 24 5 4 3 2 1 8 19 17 4 2 0 23 4 23 5 2 2 19 11 8 11 23 0 24 2 2 6 4 7 6 7 2 23 19 
Time cost: 4.224857330322266s

Result: 37310
Status of facilities: 1 0 1 1 1 0 1 1 1 0 0 1 0 1 0 1 0 0 0 1 0 0 0 1 1 0 1 1 0 0 
The assignment of customers to facilities: 7 19 2 27 2 6 15 27 27 27 4 19 13 13 19 7 3 13 27 0 27 24 23 24 23 27 27 19 4 2 19 19 4 24 27 6 8 8 24 15 7 8 6 4 8 19 13 2 19 19 24 24 24 24 8 6 11 8 27 7 4 0 7 8 13 11 23 19 19 11 7 6 19 8 23 23 8 23 8 24 23 0 26 7 4 13 6 2 27 7 11 6 7 11 2 3 11 6 0 11 19 15 11 7 4 0 4 24 27 3 19 4 27 6 11 8 11 7 0 8 26 11 0 19 26 15 2 11 26 0 11 24 11 8 23 8 3 3 11 23 11 27 11 11 11 2 24 15 27 11 24 0 23 0 8 11 2 15 3 13 13 27 23 24 23 27 23 4 3 15 23 8 19 23 26 2 0 23 4 23 2 15 2 19 11 8 11 23 0 24 2 2 6 4 7 6 7 15 23 19 
Time cost: 4.258257627487183s

Result: 39771
Status of facilities: 1 0 1 1 1 1 1 1 0 1 0 0 1 1 1 0 0 1 0 0 1 0 0 1 1 0 0 1 1 0 
The assignment of customers to facilities: 7 6 2 27 2 12 2 27 27 28 4 28 13 13 28 7 3 20 27 0 27 24 5 24 23 27 27 14 4 2 6 4 4 24 27 6 20 9 24 24 7 9 6 4 20 4 13 2 14 14 24 24 24 24 20 6 7 9 27 7 4 0 7 20 13 12 5 14 28 12 7 12 6 9 23 23 20 23 20 24 23 0 9 7 4 13 6 5 27 7 28 6 7 7 2 3 28 6 0 28 28 2 12 7 4 0 4 24 27 3 14 4 27 12 12 20 28 7 17 20 9 12 17 6 9 24 2 12 4 17 28 24 12 20 23 9 3 3 28 14 12 27 12 12 7 5 24 2 27 7 24 17 23 0 20 28 2 2 3 13 13 27 23 24 5 27 5 4 3 2 5 20 28 14 4 2 0 20 4 20 5 2 2 6 12 9 28 23 0 24 2 2 6 4 7 12 7 2 23 6 
Time cost: 4.24099588394165s

Result: 36629
Status of facilities: 1 0 1 1 1 1 1 1 1 0 1 1 0 0 1 0 0 0 0 0 0 1 1 0 1 0 0 0 1 0 
The assignment of customers to facilities: 7 6 21 22 2 6 21 28 22 28 4 28 10 3 28 7 3 10 22 0 11 21 5 24 10 11 24 14 4 2 6 4 4 21 28 6 8 8 24 21 7 8 6 4 8 4 3 21 14 14 24 24 24 21 8 6 11 8 22 7 4 0 7 8 3 11 5 14 28 11 7 6 6 8 5 10 10 5 8 24 10 0 8 7 4 10 6 5 24 7 28 6 7 11 2 3 11 6 0 28 28 21 11 7 4 0 4 24 22 3 14 4 22 6 11 8 28 7 14 8 14 11 28 6 4 21 2 11 4 0 28 24 11 10 5 8 3 3 28 10 11 22 11 11 11 5 24 21 22 11 24 0 10 0 8 11 2 21 3 3 3 0 10 24 5 24 5 4 3 21 5 8 28 14 4 2 0 10 4 10 5 21 2 6 11 8 28 10 0 21 2 21 6 4 7 6 7 21 10 6 
Time cost: 4.262226104736328s

Result: 40340
Status of facilities: 1 1 1 1 1 1 1 1 1 1 0 1 0 0 0 0 0 0 0 1 0 1 1 0 1 1 0 1 1 0 
The assignment of customers to facilities: 7 19 21 27 2 6 21 27 22 28 4 28 8 1 28 7 1 8 22 0 27 21 5 24 5 27 27 19 4 2 19 19 4 21 27 6 8 8 24 21 7 9 6 4 8 19 3 21 19 19 24 24 24 21 8 6 11 9 22 7 4 0 7 8 3 11 5 19 28 25 7 6 19 9 5 5 8 5 8 24 5 0 9 25 4 8 6 5 27 7 28 6 25 25 2 3 11 6 0 28 28 21 25 7 4 0 4 24 22 3 19 4 27 6 11 8 28 7 0 8 9 11 28 19 9 21 2 11 19 0 28 24 25 8 1 9 3 3 28 0 11 22 11 11 25 5 24 21 27 25 24 0 5 0 8 11 2 21 3 3 1 27 5 24 5 27 5 4 3 21 1 8 19 8 4 2 0 8 4 8 5 21 2 19 11 8 28 5 0 21 2 21 6 4 7 6 7 21 8 19 
Time cost: 4.272595405578613s

Result: 39778
Status of facilities: 1 0 1 1 1 1 1 1 0 0 1 1 0 1 0 0 0 0 1 1 0 1 0 1 1 0 1 0 1 0 
The assignment of customers to facilities: 18 19 21 24 2 6 21 28 18 28 4 28 13 13 28 18 3 10 24 0 18 21 5 24 10 18 24 19 4 2 19 19 4 21 28 6 10 13 24 21 18 26 6 4 13 19 13 21 19 10 24 24 24 21 13 6 11 26 18 7 4 0 7 10 13 11 5 19 28 11 18 6 19 26 23 23 10 23 13 24 10 0 26 7 4 13 6 5 24 7 28 6 7 11 2 3 11 6 0 28 28 21 11 18 4 0 4 24 24 3 19 4 18 6 11 13 28 7 0 13 26 11 28 19 26 21 2 11 26 0 28 24 11 10 23 26 3 3 28 10 11 24 11 11 11 5 24 21 18 11 24 0 23 0 13 11 2 21 3 13 13 0 10 24 5 24 5 4 3 21 5 10 19 10 26 2 0 10 4 10 5 21 2 19 11 13 28 23 0 21 2 21 6 4 7 6 7 21 10 19 
Time cost: 4.336298942565918s

Result: 37992
Status of facilities: 1 0 1 1 1 1 1 1 0 1 1 1 0 0 0 0 0 1 1 0 0 0 1 0 1 0 0 0 0 1 
The assignment of customers to facilities: 18 6 2 22 2 6 2 0 22 17 4 17 10 3 6 18 3 10 22 0 18 24 5 24 10 18 24 17 29 2 6 4 4 24 18 6 10 9 24 24 18 9 6 4 9 4 3 2 6 10 24 24 24 24 9 6 11 9 18 7 29 0 7 9 3 11 5 17 6 11 18 6 6 9 5 10 10 5 9 24 10 0 9 7 29 10 6 5 24 7 17 6 7 11 2 3 11 6 0 17 17 2 11 18 4 0 4 24 22 3 6 4 18 6 11 9 11 7 17 9 9 11 17 6 9 24 2 11 4 17 11 24 11 10 5 9 3 3 17 10 11 22 11 11 11 5 24 2 18 7 24 17 10 0 3 11 2 2 3 3 3 0 10 24 5 24 5 4 3 2 5 10 17 10 4 2 0 10 29 10 5 2 2 6 11 9 11 10 0 24 2 2 6 4 7 6 7 2 10 6 
Time cost: 4.26681923866272s

