Begin: 87313

Result: 30190
Status of facilities: 1 0 1 1 1 1 1 1 1 1 1 0 0 0 0 0 1 1 0 0 0 0 0 1 1 1 0 0 1 1 
The assignment of customers to facilities: 7 6 2 24 2 6 2 28 24 28 4 28 10 3 28 7 3 10 16 0 7 16 5 24 10 7 24 17 29 2 6 6 4 16 28 6 8 8 24 16 7 9 6 4 8 4 3 16 28 10 24 16 24 16 8 6 25 9 7 25 29 0 7 8 8 25 5 17 28 25 7 6 6 9 23 23 10 23 8 16 10 0 9 25 29 10 6 5 24 7 28 6 25 25 2 3 28 6 0 28 28 16 25 7 4 0 4 24 16 3 17 4 24 6 6 8 28 7 17 8 9 25 17 4 9 16 2 25 4 17 28 24 25 10 23 9 3 3 28 10 6 24 28 25 25 5 24 16 24 25 24 17 23 0 8 28 2 16 3 3 23 24 10 24 5 0 5 4 3 16 5 8 28 10 4 2 0 10 29 10 5 16 2 6 25 8 28 23 0 2 2 16 6 4 7 6 7 2 10 6 
Time cost: 4.293689250946045s

Result: 31597
Status of facilities: 1 0 1 1 1 1 1 1 1 1 1 0 1 0 1 0 0 1 0 0 0 0 0 1 1 0 0 0 1 1 
The assignment of customers to facilities: 7 6 2 24 5 12 2 28 24 28 4 28 10 3 28 7 3 10 24 0 7 24 5 24 10 7 24 17 29 2 6 6 4 24 28 6 8 8 24 24 7 9 6 4 8 4 3 2 14 14 24 24 24 2 8 6 7 9 7 7 29 0 7 8 8 12 5 14 28 12 7 12 6 9 23 23 10 23 8 24 10 0 9 7 29 10 6 5 24 7 28 6 7 7 2 3 28 6 0 28 28 2 12 7 4 0 4 0 24 3 14 4 28 12 12 8 28 7 17 8 9 28 17 6 9 2 2 12 4 17 28 24 12 10 23 9 3 3 28 10 12 24 28 12 7 5 2 24 24 12 24 17 23 0 8 28 5 2 3 3 23 0 10 0 5 0 5 4 3 2 5 8 14 14 4 2 0 10 29 10 5 2 2 6 12 8 28 23 0 2 2 2 6 4 7 12 7 2 10 6 
Time cost: 4.288316488265991s

Result: 31030
Status of facilities: 1 0 1 1 1 1 1 1 1 1 1 0 1 0 0 1 0 1 1 0 0 0 0 1 0 1 0 0 1 0 
The assignment of customers to facilities: 18 6 2 18 2 12 15 28 18 28 4 28 10 3 28 18 3 10 18 0 18 15 5 0 10 18 18 17 4 2 6 6 4 15 28 6 8 8 2 15 18 9 6 4 8 4 3 2 28 10 0 15 2 15 8 6 18 9 18 25 4 0 7 8 8 12 5 17 28 25 7 12 6 9 23 23 10 23 8 0 10 0 9 25 4 10 6 5 18 7 28 6 25 25 2 3 28 6 0 28 28 15 25 18 4 0 4 0 18 3 17 4 18 12 12 8 28 7 17 8 9 25 17 6 9 15 2 12 4 17 28 2 25 10 23 9 3 3 28 10 12 18 28 25 25 5 2 15 18 25 0 17 23 0 8 28 2 15 3 3 23 0 10 2 5 18 5 4 3 15 5 8 28 10 4 2 0 10 4 10 5 15 2 6 12 8 28 23 0 2 2 15 6 4 7 12 7 15 10 6 
Time cost: 4.243844032287598s

Result: 30204
Status of facilities: 1 0 1 1 1 1 1 1 1 1 1 0 0 0 0 0 0 0 1 0 0 0 0 1 1 0 0 1 1 1 
The assignment of customers to facilities: 18 6 2 27 2 6 2 27 27 28 4 28 10 3 28 18 3 10 27 0 18 24 5 24 10 18 27 28 29 2 6 4 4 24 27 6 8 8 24 2 18 9 6 4 8 4 3 2 28 10 24 24 24 24 8 6 18 9 18 7 29 0 7 8 8 28 5 10 28 7 18 6 6 9 23 23 10 23 8 24 10 0 9 7 29 10 6 5 27 7 28 6 7 7 2 3 27 6 0 28 28 2 28 18 4 0 4 24 27 3 4 4 27 6 6 8 28 7 10 8 9 28 28 6 9 24 2 28 4 0 28 24 7 10 23 9 3 3 28 10 28 18 28 7 7 5 24 24 27 7 24 0 23 0 8 28 2 2 3 3 23 27 10 24 5 27 5 4 3 24 5 8 28 10 4 2 0 10 29 10 5 2 2 6 6 8 28 23 0 2 2 2 6 4 7 6 7 2 10 6 
Time cost: 4.261561632156372s

Result: 32010
Status of facilities: 1 1 1 1 1 1 1 1 1 1 1 0 1 0 1 0 0 1 0 0 0 0 0 0 1 1 0 0 1 0 
The assignment of customers to facilities: 7 6 2 24 2 12 2 28 24 28 4 28 10 1 28 7 1 10 2 0 7 24 5 24 10 7 24 17 4 2 6 6 4 24 28 6 8 8 24 2 7 9 6 4 8 4 3 2 14 14 24 24 24 24 8 6 25 9 7 25 4 0 7 8 8 25 5 14 28 25 7 12 6 9 5 10 10 10 8 24 10 0 9 25 4 10 6 5 28 7 28 6 25 25 0 3 28 6 0 28 28 2 25 7 4 0 4 24 24 3 14 4 28 12 12 8 28 7 17 8 9 25 17 6 9 24 2 12 4 17 28 24 25 10 1 9 3 3 28 10 12 24 28 25 25 5 24 24 28 25 0 17 10 0 8 28 2 2 3 3 1 0 10 24 5 0 5 4 3 24 1 8 14 14 4 2 0 10 4 10 5 2 2 6 12 8 28 10 0 2 2 2 6 4 7 12 7 2 10 6 
Time cost: 4.247323513031006s

Result: 30886
Status of facilities: 1 0 1 1 1 1 1 1 1 1 1 0 0 1 0 0 0 1 0 0 0 0 0 1 1 1 0 0 1 1 
The assignment of customers to facilities: 7 6 2 24 2 6 2 28 24 28 4 28 13 13 28 7 3 10 24 0 7 24 5 24 10 7 0 17 29 2 6 6 4 24 28 6 8 8 0 24 7 9 6 4 8 4 13 2 28 10 24 24 0 24 8 6 25 9 7 25 29 0 7 8 13 25 5 17 28 25 7 6 6 9 23 23 10 23 8 24 10 0 9 25 29 13 6 5 24 7 28 6 25 25 2 3 28 6 0 28 28 2 25 7 4 0 4 24 24 3 17 4 28 6 6 8 28 7 17 8 9 25 17 6 9 24 2 25 4 17 28 24 25 10 23 9 3 3 28 10 6 7 28 25 25 5 24 2 24 25 24 17 23 0 8 28 2 2 3 13 13 0 10 24 5 0 5 4 3 24 5 8 28 10 4 2 0 10 29 10 5 2 2 6 25 8 28 23 0 2 2 2 6 4 7 6 7 2 10 28 
Time cost: 4.362705945968628s

Result: 29477
Status of facilities: 1 0 1 0 1 1 1 1 1 1 1 0 0 1 0 0 0 1 1 0 0 0 0 1 1 1 0 0 1 1 
The assignment of customers to facilities: 18 6 2 24 2 6 2 28 18 28 4 28 13 13 28 18 13 10 18 0 18 24 5 24 10 18 24 17 29 2 6 6 4 24 28 6 8 8 24 2 18 9 6 4 8 4 13 2 28 10 24 24 24 24 8 6 18 9 18 25 29 0 7 8 13 25 5 17 28 25 18 6 6 9 23 23 10 23 8 24 10 0 9 25 29 13 6 5 24 7 28 6 25 25 2 13 28 6 0 28 28 2 25 18 4 0 4 24 18 13 17 4 18 6 6 8 28 7 17 8 9 25 17 4 9 24 2 25 4 17 28 24 25 10 23 9 13 13 28 10 6 18 28 25 25 5 24 24 18 25 24 17 23 0 8 28 2 2 13 13 13 0 10 24 5 18 5 4 13 24 5 8 28 10 4 2 0 10 29 10 5 2 2 6 25 8 28 23 0 2 2 2 6 4 7 6 7 2 10 6 
Time cost: 4.4783501625061035s

Result: 30373
Status of facilities: 1 0 1 1 1 1 1 1 1 1 1 0 0 1 0 0 0 1 1 0 0 0 0 0 1 0 0 0 1 1 
The assignment of customers to facilities: 18 6 2 24 2 6 2 28 24 28 4 28 13 13 28 18 3 10 18 0 18 24 5 24 10 18 24 17 29 2 6 6 4 24 28 6 8 8 24 2 18 9 6 4 8 4 13 2 28 10 24 24 24 24 8 6 18 9 18 7 29 0 7 8 13 28 5 17 28 7 18 28 6 9 5 10 10 10 8 24 10 0 9 7 29 13 4 5 24 7 28 6 7 7 2 3 28 6 0 28 28 2 28 18 4 0 4 24 18 3 17 4 18 6 6 8 28 7 17 8 9 28 17 6 9 24 2 28 4 17 28 24 7 10 5 9 3 3 28 10 6 18 28 7 7 5 24 24 18 7 0 17 10 0 8 28 2 2 3 13 13 24 10 24 5 18 5 4 3 24 5 8 17 10 4 2 0 10 29 10 5 2 2 6 6 8 28 10 0 2 2 2 6 4 7 6 7 2 10 6 
Time cost: 4.542761325836182s

Result: 30925
Status of facilities: 1 0 1 1 1 1 1 1 1 1 1 0 1 1 0 0 1 1 0 0 0 0 0 1 1 0 0 0 1 1 
The assignment of customers to facilities: 7 6 2 24 2 12 16 28 24 28 4 28 13 13 28 7 3 10 16 0 28 16 5 24 10 7 24 17 29 2 6 6 4 16 28 6 8 8 24 16 7 9 6 4 8 4 13 16 28 10 24 16 24 16 8 6 7 9 7 7 29 0 7 8 13 12 5 17 28 12 7 12 6 9 23 23 10 23 8 16 10 0 9 7 29 13 6 5 24 7 28 6 7 7 2 3 28 6 0 28 28 16 12 7 4 0 4 24 16 3 17 4 24 12 12 8 28 7 17 8 9 28 17 6 9 16 2 12 4 17 28 24 12 10 23 9 3 3 28 10 12 24 28 12 7 5 24 16 24 7 24 17 23 0 8 28 2 16 3 13 13 24 10 24 5 0 5 4 3 16 5 8 28 10 4 2 0 10 29 10 5 16 2 6 12 8 28 23 0 2 2 16 6 4 7 12 7 2 10 6 
Time cost: 4.477736711502075s

Result: 30517
Status of facilities: 1 0 1 1 1 1 1 1 1 1 1 0 1 1 0 0 0 1 1 0 0 0 0 0 1 0 0 0 1 1 
The assignment of customers to facilities: 18 6 2 24 2 12 2 28 18 28 4 28 13 13 28 18 3 10 18 0 18 24 5 24 10 18 24 17 29 2 6 6 4 24 28 6 8 8 24 2 18 9 6 4 8 4 13 2 28 10 24 24 24 24 8 6 18 9 18 7 29 0 7 8 13 12 5 17 28 12 7 12 6 9 5 10 10 10 8 24 10 0 9 7 29 13 6 5 24 7 28 6 7 7 2 3 28 6 0 28 28 2 12 18 4 0 4 24 18 3 17 4 18 12 12 8 28 7 17 8 9 28 17 6 9 24 2 12 4 17 28 24 12 10 5 9 3 3 28 10 12 18 28 12 7 5 2 24 18 7 24 17 10 0 8 28 2 2 3 13 13 0 10 24 5 18 5 4 3 24 5 8 28 10 4 2 0 10 29 10 5 2 24 6 12 8 28 10 0 2 2 2 6 4 7 12 7 2 10 6 
Time cost: 4.4538774490356445s

Result: 32353
Status of facilities: 1 0 1 1 1 1 1 1 1 1 1 0 0 1 1 0 0 1 1 0 0 0 0 1 0 1 0 0 1 1 
The assignment of customers to facilities: 18 6 2 18 2 6 2 28 18 28 4 28 13 13 28 18 3 10 18 0 18 2 5 0 10 18 18 17 29 5 6 6 4 2 28 6 8 8 0 2 18 9 6 4 8 4 13 2 14 14 0 2 0 5 8 6 18 9 18 25 29 0 7 8 13 25 5 14 28 25 7 25 6 9 23 23 10 23 8 0 10 0 9 25 29 13 4 5 18 7 28 6 25 25 2 3 28 6 0 28 28 2 25 18 4 0 4 0 18 3 14 4 18 6 6 8 28 7 17 8 9 25 17 6 9 0 2 25 4 17 28 2 25 10 23 9 3 3 28 10 6 18 28 25 25 5 0 2 18 25 0 17 23 0 8 28 2 2 3 13 13 0 10 0 5 18 5 4 3 2 5 8 14 14 4 5 0 10 29 10 5 2 5 6 6 8 28 23 17 2 2 2 6 4 7 6 7 2 10 6 
Time cost: 4.2532031536102295s

Result: 31127
Status of facilities: 1 0 1 1 1 1 1 1 1 1 1 0 0 0 0 0 0 1 1 0 1 0 0 1 1 0 0 0 1 1 
The assignment of customers to facilities: 18 6 2 24 2 6 2 28 24 28 4 28 10 3 28 18 3 20 18 0 18 24 5 24 10 18 24 17 29 2 6 6 4 24 28 6 20 8 24 2 18 9 6 4 8 4 3 2 28 10 24 24 24 24 8 6 18 9 18 7 29 0 7 8 8 28 5 17 28 7 7 6 6 9 23 23 20 23 8 24 10 0 9 7 29 10 6 5 24 7 28 6 7 7 2 3 28 6 0 28 28 2 28 18 4 0 4 24 18 3 17 4 18 6 28 8 28 7 17 8 9 28 17 4 9 24 2 28 4 17 28 24 7 20 23 9 3 3 28 10 6 18 28 7 7 5 24 24 18 7 24 17 23 0 8 28 2 2 3 3 23 0 10 24 5 18 5 4 3 2 5 20 28 10 4 2 0 10 29 10 5 2 2 6 6 8 28 23 0 2 2 2 6 4 7 6 7 2 10 6 
Time cost: 4.273299932479858s

Result: 30370
Status of facilities: 1 0 1 0 1 1 1 1 1 1 1 0 0 1 1 0 0 1 0 0 0 0 0 1 1 1 0 0 1 0 
The assignment of customers to facilities: 7 6 2 24 2 6 2 28 24 28 4 28 13 13 28 7 13 10 2 0 7 24 5 24 10 7 24 17 4 2 6 6 4 24 28 6 8 8 24 2 7 9 6 4 8 4 13 0 14 14 24 24 0 24 8 6 25 9 7 25 4 0 7 8 13 25 5 14 28 25 7 6 6 9 23 23 10 23 8 24 10 0 9 25 4 13 6 5 24 7 28 6 25 25 0 13 28 6 0 28 28 2 25 7 4 0 4 24 24 13 14 4 28 6 25 8 28 7 17 8 9 25 17 6 9 24 2 25 4 17 28 24 25 10 23 9 13 13 28 10 28 24 28 25 25 5 2 24 24 25 24 17 23 0 8 28 2 2 13 13 13 0 10 0 5 0 5 4 13 2 5 8 14 14 4 2 0 10 4 10 5 2 2 6 6 8 28 23 0 2 2 2 6 4 7 6 7 2 10 28 
Time cost: 4.245858669281006s

Result: 30228
Status of facilities: 1 0 1 1 1 1 1 1 1 1 1 0 0 1 0 0 0 1 1 0 0 0 0 1 1 1 0 0 1 0 
The assignment of customers to facilities: 18 6 2 24 2 6 2 28 18 28 4 28 13 13 28 18 3 10 18 0 18 24 5 24 10 18 24 17 4 2 6 4 4 24 28 6 8 8 24 2 18 9 6 4 8 4 13 2 28 10 24 24 24 24 8 6 18 9 18 25 4 0 7 8 13 25 5 17 28 25 18 6 6 9 23 23 10 23 8 24 10 0 9 25 4 13 6 5 24 7 28 6 25 25 2 3 28 6 0 28 28 2 25 18 4 0 4 24 18 3 17 4 18 6 6 8 28 7 17 8 9 25 17 4 9 24 2 25 4 17 28 24 25 10 23 9 3 3 28 10 6 18 28 25 25 5 24 24 18 25 24 17 23 0 8 28 2 2 3 13 13 0 10 24 5 18 5 4 3 24 5 8 28 10 4 2 0 10 4 10 5 2 2 6 6 8 28 23 0 2 2 2 6 4 7 6 7 2 10 6 
Time cost: 4.281635046005249s

Result: 31441
Status of facilities: 1 0 1 1 1 1 1 1 1 0 1 0 0 0 1 1 0 0 0 0 1 0 0 1 1 0 0 0 1 1 
The assignment of customers to facilities: 7 6 2 24 2 6 15 28 24 28 4 28 10 3 28 7 3 20 15 0 7 24 5 24 10 7 24 14 29 2 6 4 4 15 28 4 20 8 24 15 7 8 6 4 8 4 3 2 14 14 24 24 2 24 8 6 7 8 24 7 29 0 7 8 8 28 5 14 28 7 7 6 6 20 23 23 20 23 8 24 10 0 8 7 29 10 4 5 24 7 28 6 7 7 2 3 28 6 0 28 28 15 28 28 4 0 4 24 2 3 14 4 0 6 6 8 28 7 14 8 14 28 28 4 4 24 2 6 4 0 28 24 7 20 23 8 3 3 28 10 6 24 28 7 6 5 24 15 24 28 24 0 23 0 8 28 2 15 3 3 23 0 10 24 5 0 5 4 3 15 5 20 14 14 4 2 0 10 29 10 5 15 2 6 6 8 28 23 0 2 2 15 6 4 7 6 7 15 10 6 
Time cost: 4.299280881881714s

Result: 31368
Status of facilities: 1 0 1 1 1 1 1 1 1 1 1 0 0 1 0 0 0 1 1 0 0 0 0 0 0 0 0 1 1 1 
The assignment of customers to facilities: 18 6 2 27 2 6 2 27 27 28 4 28 13 13 28 18 3 10 27 0 18 2 5 27 10 18 27 17 29 2 6 6 4 27 27 6 8 8 27 2 18 9 6 4 8 4 13 2 28 10 0 2 2 5 8 6 18 9 18 7 29 0 7 8 13 28 5 17 28 7 18 6 6 9 5 10 10 10 8 27 10 0 9 7 29 13 6 5 27 7 28 6 7 7 0 3 27 6 0 28 28 2 28 18 4 0 4 0 27 3 17 4 27 6 6 8 28 7 17 8 9 28 17 4 9 27 2 28 4 17 28 2 7 10 5 9 3 3 28 10 28 18 28 7 7 5 27 2 27 7 0 17 10 0 8 28 2 2 3 13 13 27 10 0 5 27 5 4 3 2 5 8 28 10 4 2 0 10 29 10 5 2 0 6 6 8 28 10 0 0 2 2 6 4 7 6 7 2 10 6 
Time cost: 4.31215238571167s

Result: 29610
Status of facilities: 1 0 1 1 1 0 1 1 1 1 1 0 0 1 0 0 0 1 0 1 0 0 0 1 1 1 0 1 1 0 
The assignment of customers to facilities: 7 19 2 27 2 6 2 27 27 28 4 28 13 13 28 7 3 10 27 0 27 24 23 24 10 27 27 19 4 2 19 19 4 24 27 6 8 8 24 2 7 9 6 4 8 19 13 2 19 10 24 24 24 24 8 6 25 9 7 25 4 0 7 8 13 25 23 17 28 25 7 6 19 9 23 23 10 23 8 24 10 0 9 25 4 13 19 2 27 7 28 6 25 25 2 3 27 6 0 28 28 2 25 7 4 0 4 24 27 3 19 4 27 6 6 8 28 7 17 8 9 25 17 19 9 24 2 25 19 17 28 24 25 10 23 9 3 3 28 10 6 27 28 25 25 2 24 24 27 25 24 17 23 0 8 28 2 2 3 13 13 27 10 24 23 27 23 4 3 24 23 8 19 10 4 2 0 10 4 10 2 2 24 19 6 8 28 23 0 2 2 2 6 4 7 6 7 2 10 19 
Time cost: 4.28548526763916s

Result: 30808
Status of facilities: 1 0 1 1 1 1 1 1 1 1 1 0 0 1 0 0 1 1 1 0 0 0 0 1 1 0 0 0 1 1 
The assignment of customers to facilities: 18 6 2 24 2 6 2 28 24 28 4 28 13 13 28 18 3 10 16 0 18 16 5 24 10 18 24 17 29 2 6 6 4 16 28 6 8 8 24 16 18 9 6 4 8 4 13 16 28 10 24 16 24 16 8 6 18 9 18 7 29 0 7 8 13 28 5 17 28 7 18 6 6 9 23 23 10 23 8 16 10 0 9 7 29 13 6 5 24 7 28 6 7 7 2 3 28 6 0 28 28 16 28 18 4 0 4 24 16 3 17 4 18 6 28 8 28 7 17 8 9 28 17 4 9 16 2 28 4 17 28 24 7 10 23 9 3 3 28 10 6 18 28 7 7 5 24 16 18 7 24 17 23 0 8 28 2 16 3 13 13 24 10 24 5 18 5 4 3 16 5 8 28 10 4 2 0 10 29 10 5 16 2 6 6 8 28 23 0 2 2 16 6 4 7 6 7 2 10 6 
Time cost: 4.24903130531311s

Result: 30466
Status of facilities: 1 0 1 1 1 1 1 1 1 1 1 0 0 0 0 0 0 1 1 0 0 0 0 1 1 1 0 1 1 1 
The assignment of customers to facilities: 18 6 2 27 2 6 2 27 27 28 4 28 10 3 28 18 3 10 27 0 18 24 5 24 10 18 27 17 29 2 6 6 4 24 27 6 8 8 24 2 18 9 6 4 8 4 3 2 28 10 24 24 24 24 8 6 18 9 18 25 29 0 7 8 8 25 5 17 28 25 18 25 6 9 23 23 10 23 8 24 10 0 9 25 29 10 6 5 27 7 28 6 25 25 2 3 27 6 0 28 28 2 25 18 4 0 4 24 27 3 17 4 27 6 6 8 28 7 17 8 9 25 17 6 9 24 2 25 4 17 28 24 25 10 23 9 3 3 28 10 6 18 28 25 25 5 24 24 27 25 24 17 23 0 8 28 2 2 3 3 23 27 10 24 5 27 5 4 3 24 5 8 28 10 4 2 0 10 29 10 5 2 2 28 6 8 28 23 0 2 2 2 6 4 7 6 7 2 10 6 
Time cost: 4.217081785202026s

Result: 30423
Status of facilities: 1 0 1 0 1 1 1 1 1 1 1 0 0 1 0 0 0 1 1 0 1 0 0 0 1 1 0 1 1 1 
The assignment of customers to facilities: 18 6 2 27 2 6 2 27 27 28 4 28 13 13 28 18 13 20 27 0 18 24 5 24 10 18 27 17 29 2 6 4 4 24 27 6 20 8 24 2 18 9 6 4 8 4 13 2 28 10 24 24 24 24 8 6 18 9 18 25 29 0 7 8 13 25 5 17 28 25 7 6 6 9 5 10 20 10 8 24 10 0 9 25 29 13 6 5 27 7 28 6 25 25 2 13 27 6 0 28 28 2 25 18 4 0 4 24 27 13 17 4 27 6 6 8 28 7 17 8 9 25 17 6 9 24 2 25 4 17 28 24 25 20 5 9 13 13 28 10 6 18 28 25 25 5 24 24 27 25 24 17 10 0 8 28 2 2 13 13 13 27 10 24 5 27 5 4 13 24 5 20 28 10 4 2 0 10 29 10 5 2 2 6 25 8 28 10 0 2 2 2 6 4 7 6 7 2 10 6 
Time cost: 4.230360984802246s

Result: 30473
Status of facilities: 1 0 1 0 1 1 1 1 1 1 1 0 0 1 1 1 0 1 1 0 0 0 0 1 1 1 0 0 1 1 
The assignment of customers to facilities: 18 14 2 24 2 6 15 28 24 28 4 28 13 13 28 18 13 10 18 0 18 24 5 24 10 18 24 17 29 2 6 6 4 15 28 6 8 8 24 15 18 9 6 4 8 4 13 2 14 14 24 24 24 24 8 6 18 9 18 25 29 0 7 8 13 25 5 14 28 25 7 6 6 9 23 23 10 23 8 24 10 0 9 25 29 13 6 5 24 7 28 6 25 25 2 13 28 6 0 28 28 15 25 18 4 0 4 24 18 13 14 4 18 6 6 8 28 7 17 8 9 25 17 4 9 24 2 25 4 17 28 24 25 10 23 9 13 13 28 10 6 18 28 25 25 5 24 15 18 25 24 17 23 0 8 28 2 15 13 13 13 24 10 24 5 18 5 4 13 15 5 8 14 14 4 2 0 10 29 10 5 15 2 6 6 8 28 23 0 2 2 15 6 4 7 6 7 15 10 6 
Time cost: 4.231672286987305s

Result: 30976
Status of facilities: 1 0 1 1 1 1 1 1 1 1 1 0 0 1 0 1 0 1 0 0 0 0 0 1 1 0 0 0 1 0 
The assignment of customers to facilities: 7 6 2 24 2 6 15 28 24 28 4 28 13 13 28 7 3 10 24 0 28 24 5 24 10 0 24 17 4 2 6 4 4 15 28 6 8 8 24 15 0 9 6 4 8 4 13 2 28 10 24 24 2 24 8 6 7 9 7 7 4 0 7 8 13 28 5 17 28 7 7 6 6 9 23 23 10 23 8 24 10 0 9 7 4 13 4 5 24 7 28 6 7 7 2 3 28 6 0 28 28 15 28 7 4 0 4 24 2 3 17 4 0 6 6 8 28 7 17 8 9 28 17 4 9 24 2 6 4 17 28 24 28 10 23 9 3 3 28 10 6 24 28 7 7 5 24 15 24 7 24 17 23 0 8 28 2 15 3 13 13 0 10 24 5 0 5 4 3 15 5 8 28 10 4 2 0 10 4 10 5 15 2 6 6 8 28 23 0 2 2 15 6 4 7 6 7 15 10 6 
Time cost: 4.30457878112793s

Result: 31109
Status of facilities: 1 0 1 1 1 1 1 1 1 1 1 0 0 0 1 0 1 1 1 0 0 0 0 1 0 1 0 0 1 1 
The assignment of customers to facilities: 18 6 2 18 2 6 2 28 18 28 4 28 10 3 28 18 3 10 16 0 18 16 5 16 10 18 18 17 29 2 6 6 4 16 28 6 8 8 2 16 18 9 6 4 8 4 3 16 14 14 0 16 2 16 8 6 18 9 18 25 29 0 7 8 8 25 5 14 28 25 18 25 6 9 23 23 10 23 8 16 10 0 9 25 29 10 4 5 18 7 28 6 25 25 2 3 28 6 0 28 28 16 25 18 4 0 4 0 16 3 14 4 18 6 6 8 28 7 17 8 9 25 17 6 9 16 2 25 4 17 28 2 25 10 23 9 3 3 28 10 6 18 28 25 25 5 16 16 18 25 0 17 23 0 8 28 2 16 3 3 23 0 10 2 5 18 5 4 3 16 5 8 14 14 4 2 0 10 29 10 5 16 2 6 6 8 28 23 0 2 2 16 6 4 7 6 7 2 10 6 
Time cost: 4.239470481872559s

Result: 30573
Status of facilities: 1 0 1 1 1 1 1 1 1 1 1 0 0 1 0 0 1 1 1 0 0 0 0 0 1 0 0 0 1 1 
The assignment of customers to facilities: 18 6 2 24 2 6 2 28 24 28 4 28 13 13 28 18 3 10 16 0 18 16 5 24 10 18 24 17 29 2 6 6 4 16 28 6 8 8 24 16 18 9 6 4 8 4 13 16 28 10 24 16 24 16 8 6 18 9 18 7 29 0 7 8 13 28 5 17 28 7 7 6 4 9 5 10 10 10 8 16 10 0 9 7 29 13 6 5 24 7 28 6 7 7 2 3 28 6 0 28 28 16 28 18 4 0 4 24 16 3 17 4 18 6 28 8 28 7 17 8 9 28 17 6 9 16 2 6 4 17 28 24 7 10 5 9 3 3 28 10 6 18 28 7 7 5 24 16 18 7 24 17 10 0 8 28 2 16 3 13 13 24 10 24 5 18 5 4 3 16 5 8 28 10 4 2 0 10 29 10 5 16 2 6 28 8 28 10 0 2 2 16 6 4 7 6 7 2 10 6 
Time cost: 4.300596237182617s

Result: 31355
Status of facilities: 1 0 1 1 1 1 1 1 1 1 1 0 1 1 0 0 0 1 0 0 0 0 0 1 1 1 0 0 1 1 
The assignment of customers to facilities: 7 6 2 24 5 12 2 28 24 28 4 28 13 13 28 7 3 10 24 0 7 24 5 24 10 7 24 17 29 2 6 6 4 24 28 6 8 8 0 2 7 9 6 4 8 4 13 2 28 10 24 24 24 24 8 6 25 9 7 25 29 0 7 8 13 12 5 17 28 25 7 12 6 9 23 23 10 23 8 24 10 0 9 25 29 13 6 5 24 7 28 6 25 25 2 3 28 6 0 28 28 2 25 7 4 0 4 24 24 3 17 4 28 12 12 8 28 7 17 8 9 25 17 6 9 2 2 12 4 17 28 24 25 10 23 9 3 3 28 10 12 24 28 25 25 5 24 24 28 25 24 17 23 0 8 28 2 2 3 13 13 0 10 2 5 0 5 4 3 24 5 8 28 10 4 2 0 10 29 10 5 2 2 6 12 8 28 23 0 2 2 2 6 4 7 12 7 2 10 6 
Time cost: 4.463838577270508s

Result: 30335
Status of facilities: 1 0 1 1 1 1 1 1 1 1 1 0 0 0 0 0 0 1 1 1 0 0 0 1 1 1 0 0 1 0 
The assignment of customers to facilities: 18 19 2 24 2 6 2 28 18 28 4 28 10 3 28 18 3 10 18 0 18 24 5 24 10 18 24 19 4 2 19 19 4 24 28 6 8 8 24 2 18 9 6 4 8 19 3 2 19 10 24 24 24 24 8 6 18 9 18 25 4 0 7 8 8 25 5 17 28 25 18 6 19 9 23 23 10 23 8 24 10 0 9 25 4 10 19 5 24 7 28 6 25 25 2 3 28 6 0 28 28 2 25 18 4 0 4 24 18 3 19 4 18 6 6 8 28 7 17 8 9 25 17 19 9 24 2 25 19 17 28 24 25 10 23 9 3 3 28 10 6 18 28 25 25 5 24 24 18 25 24 17 23 0 8 28 2 2 3 3 23 0 10 24 5 18 5 4 3 24 5 8 19 10 4 2 0 10 4 10 5 2 2 19 6 8 28 23 0 2 2 2 6 4 7 6 7 2 10 19 
Time cost: 4.499800443649292s

Result: 29612
Status of facilities: 1 0 1 0 1 1 1 1 1 1 1 0 1 1 0 1 0 1 1 0 0 0 0 0 1 0 0 0 1 1 
The assignment of customers to facilities: 18 6 2 24 2 12 15 28 24 28 4 28 13 13 28 18 13 10 18 0 18 24 5 24 10 18 24 17 29 2 6 6 4 15 28 6 8 8 24 15 18 9 6 4 8 4 13 2 28 10 24 24 24 24 8 6 18 9 18 7 29 0 7 8 13 12 5 17 28 12 7 12 6 9 5 10 10 10 8 24 10 0 9 7 29 13 6 5 24 7 28 6 7 7 2 13 28 6 0 28 28 15 12 18 4 0 4 24 18 13 17 4 18 12 12 8 28 7 17 8 9 28 17 6 9 24 2 12 4 17 28 24 12 10 5 9 13 13 28 10 12 18 28 12 7 5 24 15 18 7 24 17 10 0 8 28 2 15 13 13 13 24 10 24 5 18 5 4 13 15 5 8 28 10 4 2 0 10 29 10 5 15 2 6 12 8 28 10 0 2 2 15 6 4 7 12 7 15 10 6 
Time cost: 4.45992374420166s

Result: 30124
Status of facilities: 1 0 1 1 1 1 1 1 1 1 1 0 0 0 0 0 0 1 1 0 0 0 0 1 1 1 0 0 1 1 
The assignment of customers to facilities: 18 6 2 24 2 25 2 28 18 28 4 28 10 3 28 18 3 10 18 0 18 24 5 24 10 18 24 17 29 2 6 6 4 24 28 6 8 8 24 2 18 9 6 4 8 4 3 24 28 10 24 24 24 24 8 6 18 9 18 25 29 0 7 8 8 25 5 17 28 25 7 6 6 9 23 23 10 23 8 24 10 0 9 25 29 10 6 5 24 7 28 6 25 25 2 3 28 6 0 28 28 2 25 18 4 0 4 24 18 3 17 4 18 6 6 8 28 7 17 8 9 25 17 6 9 24 2 25 4 17 28 24 25 10 23 9 3 3 28 10 6 18 28 25 25 5 24 2 18 25 24 17 23 0 8 28 2 2 3 3 23 24 10 24 5 18 5 4 3 24 5 8 28 10 4 2 0 10 29 10 5 2 2 6 25 8 28 23 0 2 2 2 6 4 7 6 7 2 10 6 
Time cost: 4.414465427398682s

Result: 29936
Status of facilities: 1 0 1 0 1 1 1 1 1 1 1 0 0 1 1 1 0 0 1 0 0 0 0 1 1 1 0 0 1 1 
The assignment of customers to facilities: 18 6 2 24 2 6 15 28 24 28 4 28 13 13 28 18 13 10 18 0 18 24 5 24 10 18 24 14 29 2 6 6 4 15 28 6 8 8 24 15 18 9 6 4 8 4 13 2 14 14 24 24 24 24 8 6 18 9 18 25 29 0 7 8 13 25 5 14 28 25 7 25 6 9 23 23 10 23 8 24 10 0 9 25 29 13 6 5 24 7 28 6 25 25 2 13 28 6 0 28 28 15 25 18 4 0 4 24 18 13 14 4 18 6 25 8 28 7 14 8 9 25 28 6 9 24 2 25 4 0 28 24 25 10 23 9 13 13 28 10 6 18 28 25 25 5 24 15 18 25 24 0 23 0 8 28 2 15 13 13 13 24 10 24 5 18 5 4 13 15 5 8 14 14 4 2 0 10 29 10 5 15 2 6 6 8 28 23 0 2 2 15 6 4 7 6 7 15 10 6 
Time cost: 4.3157126903533936s

Result: 30346
Status of facilities: 1 0 1 1 1 1 1 1 1 1 1 0 0 1 0 0 0 1 1 0 0 0 0 1 1 0 0 0 1 0 
The assignment of customers to facilities: 18 6 2 24 2 6 2 28 24 28 4 28 13 13 28 18 3 10 18 0 18 24 5 24 10 18 24 17 4 2 6 6 4 24 28 6 8 8 24 2 18 9 6 4 8 4 13 2 28 10 24 24 24 24 8 6 18 9 18 7 4 0 7 8 13 28 5 17 28 7 18 6 6 9 23 23 10 23 8 24 10 0 9 7 4 13 6 5 24 7 28 6 7 7 2 3 28 6 0 28 28 2 28 18 4 0 4 24 18 3 17 4 18 6 6 8 28 7 17 8 9 28 17 4 9 24 2 28 4 17 28 24 7 10 23 9 3 3 28 10 6 18 28 7 7 5 24 2 18 7 24 17 23 0 8 28 2 24 3 13 13 0 10 24 5 18 5 4 3 24 5 8 28 10 4 2 0 10 4 10 5 2 2 28 6 8 28 23 0 2 2 2 6 4 7 6 7 2 10 6 
Time cost: 4.277350425720215s

