Begin: 82866

Result: 22814
Status of facilities: 1 0 1 1 1 1 1 1 1 0 0 0 1 1 1 1 0 1 1 1 1 0 1 0 1 1 1 1 0 0 
The assignment of customers to facilities: 18 19 2 27 2 12 15 27 22 17 4 17 13 13 19 18 3 20 22 0 18 24 5 24 20 18 27 19 4 2 19 19 4 24 27 6 20 8 24 15 18 8 6 4 8 19 13 2 19 14 24 24 24 15 8 6 25 8 18 7 4 0 7 8 13 25 5 14 19 25 18 12 19 8 5 13 20 5 8 24 13 0 26 25 4 13 6 5 27 7 17 6 25 25 2 3 27 6 0 17 17 15 25 18 4 0 4 24 22 3 19 4 27 12 12 8 17 7 17 8 26 25 17 19 26 15 2 12 26 17 27 24 25 20 5 8 3 3 17 14 12 22 12 25 25 5 24 15 27 25 24 17 5 0 8 12 2 15 3 13 13 27 20 24 5 27 5 4 3 15 5 20 19 14 26 2 0 20 4 20 5 15 2 19 12 8 12 13 0 24 2 2 6 4 7 12 7 15 20 19 
Time cost: 4.215813398361206s

Result: 22725
Status of facilities: 1 1 1 0 1 1 1 1 1 0 1 1 1 0 1 0 1 0 1 0 1 1 0 0 0 1 0 1 1 1 
The assignment of customers to facilities: 18 6 21 27 2 12 21 27 18 28 4 28 10 1 28 18 1 20 27 0 18 16 5 0 10 18 27 14 29 2 6 4 4 16 27 6 20 8 16 16 18 8 6 4 8 4 8 21 14 14 0 16 2 16 8 6 11 8 18 25 29 0 7 8 20 11 5 14 28 25 18 12 6 8 5 10 20 5 8 16 10 0 8 25 29 10 6 5 27 7 28 6 25 25 2 1 11 6 0 28 28 21 25 18 4 0 4 27 27 1 14 4 27 12 12 8 28 7 14 8 14 11 28 6 4 16 2 11 4 0 28 21 25 20 1 8 1 8 28 10 12 27 11 11 25 5 16 21 27 25 27 0 10 0 8 11 2 16 8 1 1 27 10 2 5 27 5 4 1 21 1 20 28 14 4 2 0 10 29 10 5 21 2 6 12 8 28 10 0 21 2 21 6 4 7 12 7 21 10 6 
Time cost: 4.229454040527344s

Result: 22705
Status of facilities: 1 0 1 1 1 1 1 1 1 1 0 1 1 0 1 1 0 1 1 1 1 1 0 0 0 1 0 1 1 0 
The assignment of customers to facilities: 18 19 21 27 2 12 15 27 18 28 4 28 20 3 28 18 3 20 27 0 18 21 5 0 20 18 27 19 4 2 19 19 4 21 27 6 20 8 27 15 18 9 6 4 8 19 3 21 19 14 0 21 2 21 8 6 11 9 18 25 4 0 7 8 3 11 5 14 28 25 18 12 19 9 5 5 20 5 8 21 20 0 9 25 4 20 6 5 27 7 28 6 25 25 2 3 11 6 0 28 28 15 25 18 4 0 4 27 27 3 19 4 27 12 12 8 28 7 17 8 9 11 17 19 9 21 2 11 19 17 28 21 25 20 5 9 3 3 28 14 12 27 11 11 25 5 27 15 27 25 27 17 5 0 8 11 2 15 3 3 3 27 20 2 5 27 5 4 3 21 5 20 19 14 4 2 0 20 4 20 5 21 2 19 12 8 28 5 0 21 2 21 6 4 7 12 7 15 20 19 
Time cost: 4.223404884338379s

Result: 22580
Status of facilities: 1 0 1 1 1 1 0 1 1 0 1 0 1 1 1 1 1 1 0 1 0 1 1 1 1 1 0 0 1 1 
The assignment of customers to facilities: 7 19 21 22 2 12 15 28 22 28 4 17 13 13 28 7 3 10 22 0 7 16 5 24 10 7 24 19 29 2 19 19 4 16 28 12 8 8 24 16 7 8 12 4 8 19 13 21 19 14 24 16 24 16 8 12 25 8 22 7 29 0 7 8 13 25 5 14 28 25 7 12 19 8 23 23 10 23 8 16 10 0 8 25 29 13 19 5 24 7 28 19 25 25 2 3 28 12 0 28 28 15 25 7 4 0 4 24 22 3 19 4 22 12 12 8 28 7 17 8 14 25 17 19 4 16 2 12 19 17 28 24 25 10 23 8 3 3 28 10 12 22 12 25 25 5 24 15 22 25 24 17 23 0 8 28 2 15 3 13 13 0 10 24 5 24 5 4 3 21 5 8 19 14 4 2 0 10 29 10 5 21 2 19 12 8 28 23 0 21 2 21 19 4 7 12 7 15 10 19 
Time cost: 4.206998348236084s

Result: 22292
Status of facilities: 1 0 1 1 1 1 1 1 1 1 1 1 0 1 1 0 1 0 1 1 0 1 1 0 0 1 0 1 1 1 
The assignment of customers to facilities: 18 19 21 27 2 6 21 27 22 28 4 28 13 13 28 18 3 10 22 0 18 16 5 0 10 18 27 19 29 2 19 19 4 16 27 6 8 8 16 16 18 9 6 4 8 19 13 21 19 14 0 16 2 16 8 6 11 9 18 25 29 0 7 8 13 11 5 14 28 25 18 6 19 9 5 13 10 5 8 16 10 0 9 25 29 13 6 5 27 7 28 6 25 25 2 3 11 6 0 28 28 21 25 18 4 0 4 27 22 3 19 4 27 6 11 8 28 7 14 8 9 11 28 19 9 16 2 11 19 0 28 21 25 10 5 9 3 3 28 10 11 22 11 11 25 5 16 21 27 25 27 0 10 0 8 11 2 16 3 13 13 27 10 2 5 27 5 4 3 21 5 8 19 14 4 2 0 10 29 10 5 21 2 19 11 8 28 10 0 21 2 21 6 4 7 6 7 21 10 19 
Time cost: 4.167051315307617s

Result: 22238
Status of facilities: 1 0 1 1 1 1 1 1 1 0 1 1 0 0 1 0 1 1 1 1 0 1 0 1 1 1 1 1 1 0 
The assignment of customers to facilities: 18 19 21 27 2 6 21 27 18 28 4 28 10 3 28 18 3 10 27 0 18 16 5 24 10 18 27 19 4 2 19 19 4 16 27 6 8 8 24 16 18 8 6 4 8 19 3 21 19 14 24 16 24 16 8 6 11 8 18 25 4 0 7 8 3 11 5 14 28 25 18 6 19 8 23 23 10 23 8 16 10 0 26 25 4 10 6 5 27 7 28 6 25 25 2 3 11 6 0 28 28 21 25 18 4 0 4 24 27 3 19 4 27 6 11 8 28 7 17 8 26 11 17 19 26 16 2 11 26 17 28 24 25 10 23 8 3 3 28 10 11 27 11 11 25 5 24 21 27 25 24 17 23 0 8 11 2 16 3 3 3 27 10 24 5 27 5 4 3 21 5 8 19 14 26 2 0 10 4 10 5 21 2 19 11 8 28 23 0 21 2 21 6 4 7 6 7 21 10 19 
Time cost: 4.255493640899658s

Result: 22846
Status of facilities: 1 1 1 1 1 1 1 1 1 1 1 1 1 1 0 1 0 1 1 1 0 1 0 0 0 0 0 1 1 1 
The assignment of customers to facilities: 18 19 21 27 2 12 15 27 18 28 4 28 13 1 28 18 1 10 27 0 18 21 5 0 10 18 27 19 29 2 19 19 4 21 27 6 8 8 27 15 18 9 6 4 8 19 13 21 19 10 0 21 2 21 8 6 11 9 18 7 29 0 7 8 13 11 5 17 28 12 18 12 19 9 5 13 10 5 8 21 10 0 9 7 29 13 6 5 27 7 28 6 7 11 2 3 11 6 0 28 28 15 12 18 4 0 4 27 27 3 19 4 27 12 12 8 28 7 17 8 9 11 17 19 9 21 2 11 19 17 28 21 11 10 1 9 3 3 28 10 12 27 11 11 11 5 27 15 27 7 27 17 10 0 8 11 2 15 3 13 13 27 10 2 5 27 5 4 3 21 1 8 19 10 4 2 0 10 29 10 5 21 2 19 12 8 28 10 0 21 2 21 6 4 7 12 7 21 10 19 
Time cost: 4.316054582595825s

Result: 22201
Status of facilities: 1 1 1 1 1 0 1 1 1 0 1 0 1 0 0 1 1 1 0 0 1 0 1 1 1 1 1 1 1 0 
The assignment of customers to facilities: 7 6 2 27 2 12 15 27 22 28 4 28 10 1 28 7 1 20 22 0 27 16 23 24 10 27 27 17 4 2 6 26 4 16 27 6 20 8 24 16 7 8 6 4 8 26 3 2 6 20 24 16 24 16 8 6 25 8 22 7 4 0 7 8 3 25 23 17 28 25 7 12 6 8 23 23 20 23 8 16 10 0 26 25 4 10 6 2 27 7 28 6 25 25 2 3 28 6 0 28 28 15 25 7 4 0 4 24 22 3 26 4 27 12 12 8 28 7 17 8 26 25 17 6 26 16 2 12 26 17 28 24 25 20 23 8 3 3 28 10 12 22 12 25 25 2 24 15 27 25 24 17 23 0 8 28 2 15 3 3 1 27 10 24 23 27 23 4 3 15 1 20 28 10 26 2 0 10 4 10 2 15 2 6 12 8 28 23 0 2 2 16 6 4 7 12 7 15 10 6 
Time cost: 4.330012321472168s

Result: 22170
Status of facilities: 1 0 1 1 1 1 1 1 1 0 1 1 1 0 0 0 0 1 0 0 1 1 0 1 1 1 1 1 1 0 
The assignment of customers to facilities: 7 6 21 27 2 12 21 27 27 28 4 28 10 3 28 7 3 20 27 0 27 21 5 24 10 27 27 28 4 2 6 26 4 21 27 6 20 8 24 21 7 8 6 4 8 26 3 21 6 20 24 24 24 21 8 6 11 8 7 25 4 0 7 8 3 11 5 17 28 25 7 12 6 8 23 23 20 23 8 24 10 0 26 25 4 10 6 5 27 7 28 6 25 25 2 3 11 6 0 28 28 21 25 7 4 0 4 24 27 3 26 4 27 12 12 8 28 7 17 8 26 11 17 6 26 21 2 11 26 17 28 24 25 20 23 8 3 3 28 10 12 27 11 11 25 5 24 21 27 25 24 17 23 0 8 11 2 21 3 3 3 27 10 24 5 27 5 4 3 21 5 20 28 10 26 2 0 10 4 10 5 21 2 6 12 8 28 23 0 21 2 21 6 4 7 12 7 21 10 6 
Time cost: 4.346070766448975s

Result: 22755
Status of facilities: 1 0 1 0 1 1 1 1 1 0 1 0 1 1 1 0 1 1 1 0 1 1 1 1 0 1 1 1 1 0 
The assignment of customers to facilities: 18 6 21 27 2 12 21 27 22 28 4 28 13 13 28 18 13 20 22 0 18 16 5 0 10 18 27 14 4 2 6 26 4 16 27 6 20 8 16 16 18 8 6 4 8 26 13 21 14 14 0 16 2 16 8 6 25 8 18 7 4 0 7 8 13 25 5 14 28 25 18 12 6 8 23 23 20 23 8 16 10 0 26 25 4 13 6 5 27 7 28 6 25 25 2 13 28 6 0 28 28 21 25 18 4 0 4 27 22 13 14 4 27 12 12 8 28 7 17 8 26 25 17 6 26 16 2 12 26 17 28 21 25 20 23 8 13 13 28 10 12 22 12 25 25 5 16 21 27 25 27 17 23 0 8 28 2 16 13 13 13 27 10 2 5 27 5 4 13 21 5 20 28 14 26 2 0 10 4 10 5 21 2 6 12 8 28 23 0 21 2 21 6 4 7 12 7 21 10 6 
Time cost: 4.343138217926025s

Result: 21977
Status of facilities: 0 0 1 1 1 1 1 1 1 1 1 1 0 0 0 0 0 0 1 1 1 1 0 1 1 1 0 1 1 0 
The assignment of customers to facilities: 18 19 21 27 2 6 21 27 18 28 4 28 10 3 28 18 3 20 27 27 18 21 5 24 10 18 27 19 4 2 19 19 4 21 27 6 20 8 24 21 18 9 6 4 8 19 3 21 19 20 24 24 24 21 8 6 11 9 18 7 4 2 7 8 3 11 5 19 19 25 18 6 19 9 23 23 20 23 8 24 10 5 9 25 4 10 6 5 27 7 28 6 25 25 2 3 11 6 2 28 28 21 25 18 4 24 4 24 27 3 19 4 27 6 11 8 28 7 28 8 9 11 28 19 9 21 2 11 19 10 28 24 25 20 23 9 3 3 28 10 11 27 11 11 25 5 24 21 27 25 24 28 23 28 8 11 2 21 3 3 3 27 10 24 5 27 5 4 3 21 5 20 19 10 4 2 24 10 4 10 5 21 2 19 11 8 28 23 27 21 2 21 6 4 7 6 7 21 10 19 
Time cost: 4.253198623657227s

Result: 22185
Status of facilities: 1 1 1 0 1 1 1 0 1 1 0 1 0 1 0 1 0 0 1 1 1 0 1 1 1 1 0 1 1 0 
The assignment of customers to facilities: 18 19 2 27 2 6 15 27 22 28 4 28 13 1 28 18 1 20 22 0 18 24 5 24 23 18 27 19 4 2 19 19 4 24 27 6 20 8 24 15 18 9 6 4 8 19 13 2 19 20 24 24 24 15 8 6 11 9 18 25 4 0 18 8 13 11 5 19 28 25 18 6 6 9 23 23 20 23 8 24 23 0 9 25 4 13 6 5 27 25 28 6 25 25 2 13 11 6 0 28 28 15 25 18 4 0 4 24 22 13 19 4 27 6 11 8 28 25 0 8 9 11 28 19 9 15 2 11 19 0 28 24 25 20 23 9 1 13 28 20 11 22 11 11 25 5 24 15 27 25 24 0 23 0 8 11 2 15 13 13 13 27 23 24 5 27 5 4 1 15 1 20 19 20 4 2 0 20 4 20 5 15 2 19 11 8 28 23 0 2 2 2 6 4 25 6 25 15 23 19 
Time cost: 4.203032732009888s

Result: 22661
Status of facilities: 1 0 1 1 1 1 1 1 1 1 0 1 1 1 0 1 1 0 1 1 0 0 0 1 1 0 1 1 1 1 
The assignment of customers to facilities: 18 19 2 27 2 12 15 27 18 28 4 28 13 13 28 18 3 13 27 0 18 16 5 24 23 18 27 19 29 2 19 19 4 16 27 6 8 8 24 16 18 9 6 4 8 19 13 2 19 19 24 16 24 16 8 6 11 9 18 7 29 0 7 8 13 11 5 19 28 12 18 12 19 9 23 23 8 23 8 16 23 0 9 7 29 13 6 5 27 7 28 6 7 11 2 3 11 6 0 28 28 15 12 18 4 0 4 24 27 3 19 4 27 12 12 8 28 7 0 8 26 11 28 19 26 16 2 11 26 0 28 24 11 8 23 9 3 3 28 23 12 27 11 11 11 5 24 15 27 7 24 0 23 0 8 11 2 15 3 13 13 27 23 24 5 27 5 4 3 15 5 8 19 8 26 2 0 23 29 13 5 15 2 19 12 8 28 23 0 2 2 2 6 4 7 12 7 15 23 19 
Time cost: 4.192545652389526s

Result: 22551
Status of facilities: 1 0 1 1 1 1 1 1 1 1 0 1 1 1 1 1 1 1 0 1 0 0 1 1 1 1 0 1 0 0 
The assignment of customers to facilities: 7 19 2 27 2 12 15 27 22 17 4 17 13 13 19 7 3 13 22 0 27 16 5 24 23 27 27 19 4 2 19 19 4 16 27 6 8 8 24 16 7 9 6 4 8 19 13 2 19 14 24 16 24 16 8 6 11 9 22 7 4 0 7 8 13 11 5 14 19 25 7 12 19 9 23 23 8 23 8 16 23 0 9 25 4 13 6 5 27 7 17 6 25 25 2 3 11 6 0 17 17 15 25 7 4 0 4 24 22 3 19 4 27 12 12 8 11 7 17 8 9 11 17 19 9 16 2 11 19 17 11 24 25 14 23 9 3 3 17 14 12 22 11 11 25 5 24 15 27 25 24 17 23 0 8 11 2 15 3 13 13 27 23 24 5 27 5 4 3 15 5 8 19 14 4 2 0 14 4 14 5 15 2 19 12 8 11 23 0 2 2 2 6 4 7 12 7 15 23 19 
Time cost: 4.202517509460449s

Result: 22566
Status of facilities: 1 0 1 1 1 1 1 1 1 1 0 1 1 1 0 1 0 1 1 1 1 1 0 1 1 1 0 1 0 0 
The assignment of customers to facilities: 18 19 21 27 2 12 15 27 27 17 4 17 13 13 19 18 3 20 27 0 18 21 5 24 23 18 27 19 4 2 19 19 4 21 27 6 20 8 24 15 18 9 6 4 8 19 13 21 19 20 24 24 24 21 8 6 11 9 18 25 4 0 7 8 13 11 5 17 19 25 18 12 19 9 23 23 20 23 8 24 23 0 9 25 4 13 6 5 27 7 17 6 25 25 2 3 11 6 0 17 17 15 25 18 4 0 4 24 27 3 19 4 27 12 12 8 11 7 17 8 9 11 17 19 9 21 2 11 19 17 11 24 25 20 23 9 3 3 17 20 12 27 11 11 25 5 24 15 27 25 24 17 23 0 8 11 2 15 3 13 13 27 23 24 5 27 5 4 3 21 5 20 19 20 4 2 0 20 4 20 5 21 2 19 12 8 11 23 0 21 2 21 6 4 7 12 7 15 23 19 
Time cost: 4.163177490234375s

Result: 22038
Status of facilities: 1 0 1 1 1 0 1 1 1 1 1 1 0 1 0 0 0 1 0 1 0 1 1 1 1 1 0 1 1 1 
The assignment of customers to facilities: 7 19 21 27 2 6 21 27 22 28 4 28 13 13 28 7 3 10 22 0 27 21 23 24 10 27 27 19 29 2 19 19 4 21 27 6 8 8 24 21 7 9 6 4 8 19 13 21 19 10 24 24 24 21 8 6 11 9 22 25 29 0 7 8 13 11 23 17 28 25 7 6 19 9 23 23 10 23 8 24 10 0 9 25 29 13 6 2 27 7 28 6 25 25 2 3 11 6 0 28 28 21 25 7 4 0 4 24 22 3 19 4 27 6 11 8 28 7 17 8 9 11 17 19 9 21 2 11 19 17 28 24 25 10 23 9 3 3 28 10 11 22 11 11 25 2 24 21 27 25 24 17 23 0 8 11 2 21 3 13 13 27 10 24 23 27 23 4 3 21 23 8 19 10 4 2 0 10 29 10 2 21 2 19 11 8 28 23 0 21 2 21 6 4 7 6 7 21 10 19 
Time cost: 4.158279895782471s

Result: 22213
Status of facilities: 1 0 1 1 1 1 0 1 1 1 1 1 1 0 0 0 0 1 1 1 1 1 1 1 1 1 0 0 1 1 
The assignment of customers to facilities: 18 19 21 22 2 12 21 28 22 28 4 28 10 3 28 18 3 20 22 0 18 21 5 24 10 18 24 19 29 2 19 19 4 21 28 12 20 8 24 21 18 9 12 4 8 19 3 21 19 20 24 24 24 21 8 12 11 9 18 25 29 0 7 8 3 11 5 17 28 25 18 12 19 9 23 23 20 23 8 24 10 0 9 25 29 10 19 5 24 7 28 19 25 25 2 3 11 12 0 28 28 21 25 18 4 0 4 24 22 3 19 4 18 12 12 8 28 7 17 8 9 11 17 19 9 21 2 11 19 17 28 24 25 20 23 9 3 3 28 10 12 22 11 11 25 5 24 21 18 25 24 17 23 0 8 11 2 21 3 3 3 0 10 24 5 24 5 4 3 21 5 20 19 10 4 2 0 10 29 10 5 21 2 19 12 8 28 23 0 21 2 21 19 4 7 12 7 21 10 19 
Time cost: 4.1737060546875s

Result: 22171
Status of facilities: 1 0 1 1 1 1 1 1 1 1 0 1 1 0 0 0 1 1 0 1 1 0 0 1 1 0 0 1 1 1 
The assignment of customers to facilities: 7 19 2 27 2 12 16 27 27 28 4 28 20 3 28 7 3 20 27 0 27 16 5 24 23 27 27 19 29 2 19 19 4 16 27 6 20 8 24 16 7 9 6 4 8 19 3 2 19 20 24 16 24 16 8 6 11 9 27 7 29 0 7 8 3 11 5 17 28 12 7 12 19 9 23 23 20 23 8 16 23 0 9 7 29 20 6 5 27 7 28 6 7 11 2 3 11 6 0 28 28 16 12 7 4 0 4 24 27 3 19 4 27 12 12 8 28 7 17 8 9 11 17 19 9 16 2 11 19 17 28 24 11 20 23 9 3 3 28 20 12 27 11 11 11 5 24 16 27 7 24 17 23 0 8 11 2 16 3 3 3 27 23 24 5 27 5 4 3 16 5 20 19 20 4 2 0 20 29 20 5 16 2 19 12 8 28 23 0 24 2 2 6 4 7 12 7 2 23 19 
Time cost: 4.182284593582153s

Result: 22182
Status of facilities: 1 0 1 1 1 1 1 0 1 1 1 1 1 0 0 0 1 1 1 0 0 1 0 1 1 1 0 1 1 1 
The assignment of customers to facilities: 18 6 21 27 2 12 21 27 27 28 4 28 10 3 28 18 3 10 27 0 18 16 5 24 10 18 27 28 29 2 6 4 4 16 27 6 8 8 24 16 18 9 6 4 8 4 3 21 6 10 24 16 24 16 8 6 11 9 18 25 29 0 25 8 3 11 5 17 28 25 18 12 6 9 23 23 10 23 8 16 10 0 9 25 29 10 6 5 27 25 28 6 25 25 2 3 11 6 0 28 28 21 25 18 4 0 4 24 27 3 6 4 27 12 12 8 28 25 17 8 9 11 17 6 9 16 2 11 4 17 28 24 25 10 23 9 3 3 28 10 12 27 11 11 25 5 24 21 27 25 24 17 23 0 8 11 2 16 3 3 3 27 10 24 5 27 5 4 3 21 5 8 28 10 4 2 0 10 29 10 5 21 2 6 12 8 28 23 0 21 2 21 6 4 25 12 25 21 10 6 
Time cost: 4.188032627105713s

Result: 22099
Status of facilities: 1 0 1 1 1 1 0 1 1 1 1 1 1 1 1 0 1 0 1 1 0 1 1 0 0 1 0 1 1 1 
The assignment of customers to facilities: 18 19 21 27 2 12 21 27 22 28 4 28 13 13 28 18 3 10 22 0 18 16 5 0 10 18 27 19 29 2 19 19 4 16 27 12 8 8 16 16 18 9 12 4 8 19 13 21 19 14 0 16 2 16 8 12 11 9 18 7 29 0 7 8 13 11 5 14 28 25 18 12 19 9 5 13 10 5 8 16 10 0 9 25 29 13 19 5 27 7 28 19 25 25 2 3 11 12 0 28 28 21 25 18 4 0 4 27 22 3 19 4 27 12 12 8 28 7 14 8 9 11 28 19 9 16 2 11 19 0 28 21 25 10 5 9 3 3 28 10 12 22 11 11 25 5 16 21 27 25 27 0 10 0 8 11 2 16 3 13 13 27 10 2 5 27 5 4 3 21 5 8 19 14 4 2 0 10 29 10 5 21 2 19 12 8 28 10 0 21 2 21 19 4 7 12 7 21 10 19 
Time cost: 4.1605823040008545s

Result: 22684
Status of facilities: 1 0 1 1 1 1 1 1 1 1 0 0 1 0 1 0 1 1 1 0 1 1 0 1 1 1 0 1 0 1 
The assignment of customers to facilities: 18 6 21 27 2 12 21 27 18 17 4 17 20 3 6 18 3 20 27 0 18 16 5 24 23 18 27 14 29 2 6 4 4 16 27 6 20 8 24 16 18 9 6 4 8 4 3 21 14 14 24 16 24 16 8 6 25 9 18 7 29 0 7 8 3 25 5 14 6 25 18 12 6 9 23 23 20 23 8 16 23 0 9 25 29 20 6 5 27 7 17 6 25 25 2 3 27 6 0 17 17 21 25 18 4 0 4 24 27 3 14 4 27 12 12 8 17 7 17 8 9 25 17 6 9 16 2 12 4 17 27 24 25 20 23 9 3 3 17 14 12 27 12 25 25 5 24 21 27 25 24 17 23 0 8 12 2 16 3 3 3 27 23 24 5 27 5 4 3 21 5 20 14 14 4 2 0 20 29 20 5 21 2 6 12 8 12 23 0 21 2 21 6 4 7 12 7 21 23 6 
Time cost: 4.251477003097534s

Result: 22918
Status of facilities: 1 0 1 0 1 1 1 1 1 0 0 1 1 1 1 1 1 0 1 1 1 1 0 1 1 1 0 1 0 1 
The assignment of customers to facilities: 18 19 21 27 2 12 15 27 18 27 4 19 13 13 19 18 13 20 27 0 18 16 5 24 23 18 27 19 29 2 19 19 4 16 27 6 20 8 24 15 18 8 6 4 8 19 13 21 19 14 24 16 24 16 8 6 11 8 18 7 29 0 7 8 13 11 5 14 19 25 18 12 19 8 23 23 20 23 8 16 23 0 8 25 29 13 6 5 27 7 11 6 25 25 2 13 11 6 0 11 19 15 25 18 4 0 4 24 27 13 19 4 27 12 12 8 11 7 14 8 14 11 0 19 4 16 2 11 19 0 11 24 25 20 23 8 13 13 11 14 12 27 11 11 25 5 24 15 27 25 24 0 23 0 8 11 2 15 13 13 13 27 23 24 5 27 5 4 13 21 5 20 19 14 4 2 0 20 29 20 5 21 2 19 12 8 11 23 0 21 2 21 6 4 7 12 7 15 23 19 
Time cost: 4.398642063140869s

Result: 23054
Status of facilities: 1 0 1 1 1 0 1 1 1 1 1 1 1 1 0 1 1 1 0 0 0 1 1 1 1 1 0 0 0 1 
The assignment of customers to facilities: 7 6 21 22 2 12 15 0 22 17 4 17 13 13 6 7 3 10 22 0 11 16 23 24 10 11 24 17 29 2 6 4 4 16 24 6 8 8 24 16 7 9 6 4 8 4 13 21 6 10 24 16 24 16 8 6 11 9 22 7 29 0 7 8 13 11 23 17 6 25 7 12 6 9 23 23 10 23 8 16 10 0 9 25 29 13 6 2 24 7 17 6 25 25 2 3 11 6 0 17 17 15 25 7 4 0 4 24 22 3 6 4 22 12 12 8 11 7 17 8 9 11 17 6 9 16 2 11 4 17 11 24 25 10 23 9 3 3 17 10 12 22 11 11 25 2 24 15 22 25 24 17 23 0 8 11 2 15 3 13 13 0 10 24 23 24 23 4 3 21 23 8 17 10 4 2 0 10 29 10 2 21 2 6 12 8 11 23 0 21 2 21 6 4 7 12 7 15 10 6 
Time cost: 4.427669525146484s

Result: 22591
Status of facilities: 1 0 1 1 1 1 1 1 1 1 1 1 1 0 0 1 1 0 1 0 1 0 1 1 1 1 1 0 1 0 
The assignment of customers to facilities: 18 6 2 22 2 12 15 28 22 28 4 28 10 3 28 18 3 20 22 0 18 16 5 24 10 18 24 28 4 2 6 26 4 16 28 6 20 8 24 16 18 9 6 4 8 26 3 2 6 20 24 16 24 16 8 6 11 9 18 7 4 0 7 8 3 11 5 28 6 25 18 12 6 9 23 23 20 23 8 16 10 0 9 25 4 10 6 5 24 7 28 6 25 25 2 3 11 6 0 28 28 15 25 18 4 0 4 24 22 3 26 4 18 12 12 8 28 7 0 8 26 11 28 6 26 16 2 11 26 0 28 24 25 20 23 9 3 3 28 10 12 22 11 11 25 5 24 15 18 25 24 0 23 0 8 11 2 15 3 3 3 0 10 24 5 24 5 4 3 15 5 20 28 10 26 2 0 10 4 10 5 15 2 6 12 8 11 23 0 24 2 2 6 4 7 12 7 15 10 6 
Time cost: 4.370450019836426s

Result: 22558
Status of facilities: 1 1 1 1 1 1 1 1 1 1 1 1 0 0 0 0 0 1 0 0 1 1 0 0 1 1 0 1 1 1 
The assignment of customers to facilities: 7 6 21 27 2 11 21 27 27 28 4 28 10 1 28 7 1 20 27 0 27 21 5 24 10 27 27 28 29 2 6 4 4 21 27 6 20 8 24 21 7 9 6 4 8 4 3 21 6 20 24 24 24 21 8 6 11 9 27 7 29 0 7 8 3 11 5 17 28 25 7 6 6 9 5 10 20 5 8 24 10 0 9 25 29 10 6 5 27 7 28 6 25 25 2 3 11 11 0 28 28 21 25 7 4 0 4 24 27 3 4 4 27 6 11 8 28 7 17 8 9 11 17 6 9 21 2 11 4 17 28 24 25 20 1 9 3 3 28 10 11 27 11 11 25 5 24 21 27 25 24 17 10 0 8 11 2 21 3 3 1 27 10 24 5 27 5 4 3 21 1 20 28 10 4 2 0 10 29 10 5 21 2 6 11 8 28 10 0 21 2 21 6 29 7 6 7 21 10 6 
Time cost: 4.366760015487671s

Result: 21861
Status of facilities: 1 0 1 1 1 1 1 1 1 1 0 1 1 0 0 0 0 0 1 1 1 1 1 1 1 0 0 1 1 1 
The assignment of customers to facilities: 18 19 21 27 2 12 21 27 22 28 4 28 20 3 28 18 3 20 22 0 18 21 5 24 23 18 27 19 29 2 19 19 4 21 27 6 20 8 24 21 18 9 6 4 8 19 3 21 19 20 24 24 24 21 8 6 11 9 18 7 29 0 7 8 3 11 5 19 28 12 18 12 19 9 23 23 20 23 8 24 23 0 9 7 29 20 6 5 27 7 28 6 7 11 2 3 11 6 0 28 28 21 12 18 4 0 4 24 22 3 19 4 27 12 12 8 28 7 0 8 9 11 28 19 9 21 2 11 19 0 28 24 11 20 23 9 3 3 28 20 12 22 11 11 11 5 24 21 27 7 24 0 23 0 8 11 2 21 3 3 3 27 23 24 5 27 5 4 3 21 5 20 19 20 4 2 0 20 29 20 5 21 2 19 12 8 28 23 0 21 2 21 6 4 7 12 7 21 23 19 
Time cost: 4.271883010864258s

Result: 22037
Status of facilities: 1 0 1 1 1 1 1 1 1 1 1 0 1 1 1 1 1 0 0 1 0 0 1 0 0 1 0 1 1 1 
The assignment of customers to facilities: 7 19 2 27 2 12 15 27 22 28 4 28 13 13 28 7 3 10 22 0 27 16 5 0 10 27 27 19 29 2 19 19 4 16 27 6 8 8 16 16 7 9 6 4 8 19 13 2 19 14 0 16 2 16 8 6 25 9 22 25 29 0 7 8 13 25 5 14 28 25 7 12 19 9 5 13 10 5 8 16 10 0 9 25 29 13 6 5 27 7 28 6 25 25 2 3 28 6 0 28 28 15 25 7 4 0 4 27 22 3 19 4 27 12 12 8 28 7 14 8 9 25 28 19 9 16 2 12 19 0 28 16 25 10 5 9 3 3 28 10 12 22 12 25 25 5 16 15 27 25 27 0 10 0 8 28 2 15 3 13 13 27 10 2 5 27 5 4 3 15 5 8 19 14 4 2 0 10 29 10 5 15 2 19 12 8 28 10 0 2 2 2 6 4 7 12 7 15 10 19 
Time cost: 4.167563438415527s

Result: 22537
Status of facilities: 1 0 1 1 0 1 1 1 1 0 1 1 1 1 0 0 1 0 1 1 1 1 1 1 1 1 1 0 1 1 
The assignment of customers to facilities: 18 19 21 22 2 12 21 28 22 28 29 28 13 13 28 18 3 20 22 0 18 16 5 24 10 18 24 19 29 2 19 19 26 16 28 6 20 8 24 16 18 8 6 26 8 19 13 21 19 20 24 16 24 16 8 6 11 8 18 25 29 0 7 8 13 11 5 19 28 25 18 12 19 8 23 23 20 23 8 16 10 0 26 25 29 13 6 5 24 7 28 6 25 25 2 3 11 6 0 28 28 21 25 18 29 0 29 24 22 3 19 29 18 12 12 8 28 7 0 8 26 11 28 19 26 16 2 11 26 0 28 24 25 20 23 8 3 3 28 10 12 22 11 11 25 5 24 21 18 25 24 0 23 0 8 11 2 16 3 13 13 0 10 24 5 24 5 29 3 21 5 20 19 10 26 2 0 10 29 10 5 21 2 6 12 8 28 23 0 21 2 21 6 29 7 12 7 21 10 19 
Time cost: 4.156219005584717s

Result: 22546
Status of facilities: 1 0 1 1 1 1 1 1 1 1 0 1 1 1 0 0 1 1 1 1 0 1 0 1 1 1 0 1 1 1 
The assignment of customers to facilities: 18 19 21 27 2 12 21 27 18 28 4 28 13 13 28 18 3 13 27 0 18 16 5 24 23 18 27 19 29 2 19 19 4 16 27 6 8 8 24 16 18 9 6 4 8 19 13 21 19 17 24 16 24 16 8 6 11 9 18 25 29 0 7 8 13 11 5 17 28 25 18 12 19 9 23 23 8 23 8 16 23 0 9 25 29 13 6 5 27 7 28 6 25 25 2 3 11 6 0 28 28 21 25 18 4 0 4 24 27 3 19 4 27 12 12 8 28 7 17 8 9 11 17 19 9 16 2 11 19 17 28 24 25 8 23 9 3 3 28 17 12 27 11 11 25 5 24 21 27 25 24 17 23 0 8 11 2 16 3 13 13 27 23 24 5 27 5 4 3 21 5 8 19 17 4 2 0 23 29 23 5 21 2 19 12 8 28 23 0 21 2 21 6 4 7 12 7 21 23 19 
Time cost: 4.18053936958313s

Result: 21912
Status of facilities: 0 1 1 1 1 1 1 1 1 0 1 0 1 0 0 1 0 1 0 1 1 1 1 0 1 1 1 1 1 0 
The assignment of customers to facilities: 7 19 21 27 2 12 15 27 22 28 4 28 10 1 28 7 1 20 22 27 27 21 5 24 10 27 27 19 4 2 19 19 4 21 27 6 20 8 24 15 7 8 6 4 8 19 3 21 19 20 24 24 24 21 8 6 25 8 22 25 4 2 7 8 3 25 5 17 28 25 7 12 19 8 5 10 20 5 8 24 10 17 26 25 4 10 6 5 27 7 28 6 25 25 2 3 28 6 17 28 28 15 25 7 4 24 4 24 22 3 19 4 27 12 12 8 28 7 17 8 26 25 17 19 26 21 2 12 26 17 28 24 25 20 1 8 3 3 28 10 12 22 12 25 25 5 24 15 27 25 24 17 10 17 8 28 2 15 3 3 1 27 10 24 5 27 5 4 3 21 1 20 19 10 26 2 24 10 4 10 5 21 2 19 12 8 28 10 17 21 2 21 6 4 7 12 7 15 10 19 
Time cost: 4.215564727783203s

