Begin: 85866

Result: 27234
Status of facilities: 1 1 1 1 1 1 1 1 1 1 1 1 1 0 0 0 0 0 1 1 0 1 0 0 0 0 0 1 1 0 
The assignment of customers to facilities: 18 19 21 27 2 12 21 27 18 28 4 28 10 1 28 18 1 10 27 0 18 21 5 0 10 18 27 19 4 2 19 19 4 21 27 6 8 8 27 21 18 9 6 4 8 19 3 21 19 10 0 21 2 21 8 6 11 9 18 7 4 0 7 8 3 11 5 19 28 12 18 12 19 9 5 10 10 5 8 21 10 0 9 7 4 10 6 5 27 7 28 6 7 11 2 3 11 6 0 28 28 21 12 18 4 0 4 27 27 3 19 4 27 12 12 8 28 7 0 8 9 11 28 19 9 21 2 11 19 0 28 21 11 10 1 9 3 3 28 10 12 27 11 11 11 5 27 21 27 7 27 0 5 0 8 11 2 21 3 3 1 27 10 2 5 27 5 4 3 21 1 8 19 10 4 2 0 10 4 10 5 21 2 19 12 8 28 10 0 21 2 21 6 4 7 12 7 21 10 19 
Time cost: 4.289872884750366s

Result: 29191
Status of facilities: 1 0 1 0 1 1 1 1 1 0 1 0 0 1 0 0 0 0 0 1 1 0 1 1 0 1 1 0 0 0 
The assignment of customers to facilities: 7 19 2 22 2 6 2 0 22 0 4 19 13 13 6 7 13 20 22 0 7 22 5 0 10 7 22 19 4 2 19 26 4 22 0 6 20 8 22 2 7 8 6 4 8 19 13 2 19 20 0 22 2 22 8 6 25 8 22 7 4 0 7 8 13 25 5 19 19 25 7 25 19 8 23 23 20 23 8 22 10 0 26 25 4 13 6 5 22 7 19 6 25 25 0 13 25 6 0 19 19 2 25 7 4 0 4 22 22 13 19 4 22 6 25 8 19 7 0 8 26 25 0 19 26 22 2 25 26 0 0 2 25 20 23 8 13 13 19 10 6 22 6 25 25 5 22 22 22 25 0 0 23 0 8 25 2 2 13 13 13 0 10 5 5 22 5 4 13 2 5 20 19 10 26 2 0 10 4 10 5 2 0 6 6 8 19 23 0 2 2 2 6 4 7 6 7 2 10 19 
Time cost: 4.304966688156128s

Result: 29327
Status of facilities: 1 1 1 1 1 1 1 1 1 1 0 0 0 0 0 1 1 1 1 0 1 0 0 0 0 0 0 1 1 0 
The assignment of customers to facilities: 18 6 2 27 2 6 15 27 18 28 4 28 20 1 28 18 1 20 27 0 18 16 5 0 20 18 27 17 9 2 6 4 4 16 27 6 20 8 16 16 18 9 6 4 8 9 3 2 6 20 0 16 2 16 8 4 18 9 18 7 4 0 7 8 3 7 5 17 28 7 18 7 6 9 5 5 20 5 8 16 20 0 9 7 4 20 6 5 27 7 17 6 7 7 2 3 28 28 0 28 17 15 7 18 4 0 4 27 27 3 17 4 27 6 28 8 28 7 17 8 9 18 17 6 9 16 2 28 9 17 28 16 7 20 1 9 3 3 28 20 7 27 28 7 7 5 16 15 27 7 27 17 5 0 8 28 2 15 3 3 1 27 20 2 5 27 5 4 3 15 1 20 28 20 9 2 0 20 4 20 5 15 2 6 6 8 17 5 0 2 2 16 6 4 7 6 7 15 20 6 
Time cost: 4.376893520355225s

Result: 28034
Status of facilities: 1 0 1 1 1 1 1 1 1 1 0 1 1 0 0 1 0 1 0 0 0 1 0 1 1 0 0 1 0 1 
The assignment of customers to facilities: 7 6 21 27 2 12 15 27 27 27 4 17 8 3 6 7 3 8 27 0 27 21 5 24 23 27 27 17 29 2 6 4 4 21 27 6 8 8 24 15 7 9 6 4 8 4 3 21 6 17 24 24 24 21 8 6 11 9 27 7 29 0 7 8 3 11 5 17 6 12 7 12 6 9 23 23 8 5 8 24 23 0 9 7 29 23 6 5 27 7 11 6 7 11 2 3 11 6 0 17 17 15 12 7 4 0 4 24 27 3 6 4 27 12 12 8 11 7 17 8 9 11 17 6 9 21 2 11 4 17 11 24 11 8 23 9 3 3 17 17 12 27 11 11 11 5 24 15 27 11 24 17 23 0 8 11 2 15 3 3 3 27 23 24 5 27 5 4 3 21 5 8 17 17 4 2 0 23 29 23 5 21 2 6 12 8 11 23 0 21 2 21 6 4 7 12 7 15 23 6 
Time cost: 4.439025402069092s

Result: 27764
Status of facilities: 1 1 1 1 1 1 1 1 1 1 1 1 1 0 0 0 0 1 0 0 0 1 0 0 0 0 0 1 1 1 
The assignment of customers to facilities: 7 6 21 27 2 12 21 27 27 28 4 28 10 1 28 7 1 10 27 0 27 21 5 0 10 27 27 28 29 2 6 4 4 21 27 6 8 8 27 21 7 9 6 4 8 4 3 21 6 10 0 21 2 21 8 6 11 9 27 7 29 0 7 8 3 11 5 17 28 12 7 12 6 9 5 10 10 5 8 21 10 0 9 7 29 10 6 5 27 7 28 6 7 11 2 3 11 6 0 28 28 21 12 7 4 0 4 27 27 3 6 4 27 12 12 8 28 7 17 8 9 11 17 6 9 21 2 11 4 17 28 21 11 10 1 9 3 3 28 10 12 27 11 11 7 5 27 21 27 11 27 17 5 0 8 11 2 21 3 3 1 27 10 2 5 27 5 4 3 21 1 8 28 10 4 2 0 10 29 10 5 21 2 6 12 8 28 10 0 21 2 21 6 4 7 12 7 21 10 6 
Time cost: 4.416792631149292s

Result: 28005
Status of facilities: 1 1 1 1 1 1 1 1 1 0 0 0 1 0 1 0 1 0 0 0 1 0 1 0 0 1 1 1 0 0 
The assignment of customers to facilities: 7 6 2 27 2 12 2 27 22 27 4 14 20 1 6 7 1 20 22 0 27 16 5 0 20 27 27 14 4 2 6 26 4 16 27 6 20 8 16 16 7 8 6 4 8 26 3 2 14 14 0 16 2 16 8 6 25 8 22 7 4 0 7 8 3 25 5 14 6 25 7 12 6 8 5 5 20 5 8 16 20 0 26 25 4 20 6 5 27 7 27 6 25 25 2 3 27 6 0 6 14 16 25 7 4 0 4 27 22 3 14 4 27 12 12 8 27 7 14 8 26 25 0 6 26 16 2 12 26 0 27 16 25 20 1 8 3 3 0 14 12 22 12 25 25 5 16 16 27 25 27 0 5 0 8 12 2 16 3 3 1 27 20 2 5 27 5 4 3 2 1 20 14 14 26 2 0 20 4 20 5 16 2 6 12 8 12 5 0 2 2 2 6 4 7 12 7 2 20 6 
Time cost: 4.409397602081299s

Result: 27589
Status of facilities: 1 0 1 1 1 1 1 1 1 1 1 1 0 0 0 0 1 1 0 0 0 1 0 0 1 0 1 0 0 0 
The assignment of customers to facilities: 7 6 21 24 2 6 21 0 24 17 4 17 10 3 6 7 3 10 16 0 11 16 5 24 10 11 24 17 4 2 6 26 4 16 24 6 8 8 24 16 7 9 6 4 8 26 3 21 6 10 24 16 2 16 8 6 11 9 7 7 4 0 7 8 3 11 5 17 17 11 7 6 6 9 5 5 10 5 8 16 10 0 9 7 4 10 6 5 24 7 17 6 7 11 2 3 11 6 0 17 17 21 11 7 4 0 4 24 16 3 26 4 24 6 11 8 11 7 17 8 26 11 17 4 26 16 2 11 26 17 11 24 11 10 5 9 3 3 17 10 11 24 11 11 11 5 24 21 0 7 24 17 10 0 8 11 2 16 3 3 3 0 10 24 5 0 5 4 3 21 5 8 17 10 26 2 0 10 4 10 5 21 2 6 11 8 11 10 0 21 2 21 6 4 7 11 7 21 10 6 
Time cost: 4.486525774002075s

Result: 27667
Status of facilities: 1 1 1 0 1 1 1 1 1 1 0 1 0 1 1 0 0 0 1 0 0 1 0 0 1 1 0 0 1 0 
The assignment of customers to facilities: 18 6 21 24 2 11 21 28 18 28 4 28 13 1 28 18 1 13 24 0 18 21 5 24 13 18 24 14 4 2 6 6 4 21 18 6 8 8 24 21 18 9 6 4 8 14 13 21 14 14 24 24 2 21 8 6 11 9 18 25 4 0 7 8 13 11 5 14 28 25 18 11 6 9 5 13 8 5 8 24 13 0 9 25 4 13 6 5 24 7 28 6 25 25 2 13 11 6 0 28 28 21 25 18 4 0 4 24 24 13 14 4 18 6 11 8 28 7 14 8 9 11 28 6 9 21 2 11 4 0 28 24 25 8 1 9 1 13 28 14 11 18 11 11 25 5 24 21 18 25 24 0 5 0 8 11 2 21 13 13 13 0 13 24 5 18 5 4 1 21 1 8 28 14 9 2 0 14 4 14 5 21 2 28 11 8 28 13 0 21 2 21 6 4 7 6 7 21 14 6 
Time cost: 4.3436150550842285s

Result: 28334
Status of facilities: 1 0 1 1 1 1 1 1 1 1 1 0 0 0 0 0 1 1 0 0 0 0 0 1 1 1 0 0 1 1 
The assignment of customers to facilities: 7 6 2 24 2 6 2 28 24 28 4 28 10 3 6 7 3 10 16 0 7 16 5 24 10 7 24 17 29 2 6 29 4 16 28 6 8 8 24 16 7 9 6 4 8 4 3 2 6 10 24 16 24 16 8 6 25 9 7 7 29 0 7 8 3 25 5 17 28 25 7 25 4 9 23 23 10 23 8 16 10 0 9 25 29 10 4 5 24 7 28 6 25 25 2 3 17 6 0 28 28 16 25 7 4 0 4 24 16 3 4 29 0 6 6 8 28 7 17 8 9 25 17 4 9 16 2 25 9 17 28 16 25 10 23 9 3 3 28 10 6 24 6 25 25 5 24 16 24 25 24 17 23 0 8 28 2 16 3 3 3 0 10 24 5 0 5 4 3 2 5 8 28 10 4 2 0 10 29 10 5 16 2 6 25 8 28 23 0 2 2 2 6 4 7 25 7 2 10 6 
Time cost: 4.337315082550049s

Result: 27870
Status of facilities: 1 1 1 0 1 1 1 1 1 1 0 1 0 0 1 0 0 1 0 1 1 1 1 0 0 0 0 1 0 0 
The assignment of customers to facilities: 7 19 21 27 2 6 21 27 22 17 4 17 20 1 19 7 1 20 22 0 27 21 5 0 20 27 27 19 4 2 19 19 4 21 27 6 20 8 27 21 7 9 6 4 8 19 8 21 19 14 0 22 2 21 8 6 11 9 22 7 4 0 7 8 20 11 5 14 19 11 7 6 6 9 5 5 20 5 8 22 20 0 9 7 4 20 6 5 27 7 17 6 7 11 2 1 11 6 0 17 17 21 11 7 4 0 4 27 22 1 19 4 27 6 11 8 11 7 17 8 9 11 17 19 9 21 2 11 19 17 11 21 11 20 1 9 1 8 17 14 11 22 11 11 11 5 27 21 27 7 27 17 5 0 8 11 2 21 8 1 1 27 20 2 5 27 5 4 1 21 1 20 19 14 4 2 0 20 4 20 5 21 2 19 11 8 11 5 0 21 2 21 6 4 7 6 7 21 20 19 
Time cost: 4.244279384613037s

Result: 28103
Status of facilities: 1 0 1 1 1 1 1 1 1 1 0 1 0 1 0 0 1 1 0 0 0 0 0 1 1 1 0 1 0 0 
The assignment of customers to facilities: 7 6 2 27 2 11 2 27 27 27 4 17 13 13 6 7 3 13 27 0 27 16 5 24 23 27 27 17 4 2 6 6 4 16 27 6 8 8 24 16 7 9 6 4 8 4 13 2 6 9 24 16 24 16 8 6 11 9 7 7 4 0 7 8 13 11 5 17 17 25 7 11 6 9 23 23 8 23 8 16 23 0 9 25 4 13 6 5 27 7 11 6 25 25 2 3 11 6 0 17 17 16 25 7 4 0 6 24 27 3 17 4 27 11 11 8 11 7 17 8 9 11 17 6 9 16 2 11 9 0 11 24 25 8 23 9 3 3 17 17 11 27 11 11 25 5 24 16 27 25 24 17 23 0 8 11 2 16 3 13 13 27 23 24 5 27 5 4 3 2 5 8 17 17 4 2 0 23 4 23 5 16 2 6 11 8 11 23 0 24 2 2 6 4 7 11 7 2 23 6 
Time cost: 4.30904221534729s

Result: 27832
Status of facilities: 1 0 1 1 1 1 1 1 1 1 1 0 0 1 0 1 0 1 0 0 0 0 0 0 1 1 0 1 1 0 
The assignment of customers to facilities: 7 6 2 27 2 25 15 27 27 28 4 28 13 13 28 7 3 10 27 0 27 24 5 24 10 27 27 17 4 2 6 9 4 24 27 6 8 8 24 15 7 9 6 4 8 9 13 2 6 10 24 24 24 15 8 6 25 9 27 7 4 0 7 8 13 25 5 17 28 25 7 6 6 9 5 13 10 5 8 24 10 0 9 25 4 13 6 5 27 7 28 6 25 25 2 3 28 6 0 28 28 15 25 7 4 0 4 24 27 3 17 4 27 6 6 8 28 7 17 8 9 25 17 4 9 15 2 27 9 17 28 24 25 10 5 9 3 3 28 10 6 27 28 25 25 5 24 15 27 25 24 17 10 0 8 28 2 15 3 13 13 27 10 24 5 27 5 9 3 15 5 8 17 10 4 2 0 10 4 10 5 15 2 6 25 8 28 10 0 24 2 2 6 4 7 25 7 15 10 6 
Time cost: 4.281830787658691s

Result: 27619
Status of facilities: 1 1 1 0 1 1 1 1 1 1 0 1 1 1 0 0 0 1 0 1 1 1 0 0 0 0 0 1 0 0 
The assignment of customers to facilities: 7 19 21 27 2 12 21 27 27 17 4 17 13 1 19 7 1 20 27 0 27 21 5 0 20 27 27 19 4 2 19 19 4 21 27 6 20 8 27 21 7 9 6 4 8 19 13 21 19 20 0 21 2 21 8 6 11 9 27 7 4 0 7 8 13 11 5 17 19 12 7 12 19 9 5 13 20 5 8 21 13 0 9 7 4 13 6 5 27 7 17 6 7 11 2 13 11 6 0 17 17 21 12 7 4 0 4 27 27 13 19 4 27 12 12 8 11 7 17 8 9 11 17 19 9 21 2 11 19 17 11 21 11 20 1 9 1 13 17 20 12 27 11 11 11 5 27 21 27 11 27 17 5 0 8 11 2 21 13 13 13 27 20 2 5 27 5 4 1 21 1 20 19 20 4 2 0 20 4 20 5 21 2 19 12 8 11 13 0 21 2 21 6 4 7 12 7 21 20 19 
Time cost: 4.2344279289245605s

Result: 29419
Status of facilities: 1 0 1 1 1 1 1 1 1 1 1 1 0 0 0 0 0 1 1 1 1 0 0 1 0 0 0 0 1 0 
The assignment of customers to facilities: 18 19 2 18 2 6 2 28 18 28 4 28 10 3 28 18 3 20 18 0 18 2 5 0 10 18 18 19 4 5 19 19 4 2 28 6 20 8 0 2 18 9 6 4 8 19 3 2 19 20 0 2 2 0 8 6 11 9 18 7 4 0 7 8 3 11 5 17 28 11 7 6 19 9 23 23 20 23 8 2 10 0 9 7 4 10 6 5 0 7 28 6 7 11 0 3 11 6 0 28 28 2 11 18 4 0 4 0 18 3 19 4 18 6 11 8 28 7 17 8 9 11 17 19 9 2 2 11 19 17 28 0 11 20 23 9 3 3 28 10 11 18 11 11 11 5 0 2 18 11 0 17 23 0 8 11 2 5 3 3 3 0 10 5 5 28 5 4 3 2 5 20 19 10 4 0 0 10 4 10 5 2 2 6 11 8 28 23 0 0 2 2 6 4 7 6 7 2 10 19 
Time cost: 4.296508550643921s

Result: 28119
Status of facilities: 1 0 1 1 1 1 1 1 1 1 1 0 1 1 0 0 0 0 1 1 0 1 0 1 0 0 0 1 0 1 
The assignment of customers to facilities: 18 19 21 27 2 12 21 27 18 27 4 19 13 13 19 18 3 10 27 0 18 21 5 0 10 18 27 19 29 2 19 19 4 21 27 6 8 8 27 21 18 9 6 4 8 19 13 21 19 10 0 21 2 21 8 6 18 9 18 7 29 0 7 8 13 12 5 19 19 12 18 12 19 9 23 23 10 23 8 21 10 0 9 7 29 13 6 5 27 7 27 6 7 7 2 3 27 6 0 19 19 21 12 18 4 0 4 27 27 3 19 4 27 12 12 8 27 7 0 8 9 12 0 19 9 21 2 12 19 0 27 21 12 10 23 9 3 3 0 10 12 27 12 12 7 5 27 21 27 7 27 0 23 0 8 12 2 21 3 13 13 27 10 2 5 27 5 4 3 21 5 8 19 10 4 2 0 10 29 10 5 21 2 19 12 8 12 23 0 21 2 21 6 4 7 12 7 21 10 19 
Time cost: 4.399064302444458s

Result: 27524
Status of facilities: 1 1 1 1 1 1 1 1 1 1 1 0 1 0 0 0 0 0 0 1 0 1 1 1 1 0 0 1 0 0 
The assignment of customers to facilities: 7 19 21 27 2 12 21 27 22 27 4 19 10 1 19 7 1 10 22 0 27 21 5 24 10 27 27 19 4 2 19 19 4 21 27 6 8 8 24 21 7 9 6 4 8 19 3 21 19 10 24 24 24 21 8 6 7 9 22 7 4 0 7 8 3 12 5 19 19 12 7 12 19 9 23 23 10 23 8 24 10 0 9 7 4 10 6 5 27 7 27 6 7 7 2 3 27 6 0 19 19 21 12 7 4 0 4 24 22 3 19 4 27 12 12 8 27 7 0 8 9 12 0 19 9 21 2 12 19 0 27 24 12 10 23 9 3 3 0 10 12 22 12 12 7 5 24 21 27 7 24 0 23 0 8 12 2 21 3 3 1 27 10 24 5 27 5 4 3 21 1 8 19 10 4 2 0 10 4 10 5 21 2 6 12 8 12 23 0 21 2 21 6 4 7 12 7 21 10 19 
Time cost: 4.422011613845825s

Result: 27119
Status of facilities: 1 0 1 1 1 1 1 1 1 1 1 1 0 0 0 0 0 0 0 1 1 1 1 0 0 1 0 0 1 0 
The assignment of customers to facilities: 7 19 21 22 2 6 21 28 22 28 4 28 10 3 28 7 3 20 22 0 11 21 5 0 10 11 22 19 4 2 19 19 4 21 28 6 20 8 21 21 7 9 6 4 8 19 3 21 19 20 0 22 2 21 8 6 11 9 22 25 4 0 7 8 3 11 5 19 28 25 7 6 19 9 5 10 20 5 8 22 10 0 9 25 4 10 6 5 22 7 28 6 25 25 2 3 11 6 0 28 28 21 25 7 4 0 4 21 22 3 19 4 22 6 11 8 28 7 0 8 9 11 28 19 9 21 2 11 19 0 28 21 25 20 5 9 3 3 28 10 11 22 11 11 25 5 21 21 22 25 0 0 10 0 8 11 2 21 3 3 3 0 10 2 5 0 5 4 3 21 5 20 19 10 4 2 0 10 4 10 5 21 2 19 11 8 28 10 0 21 2 21 6 4 7 6 7 21 10 19 
Time cost: 4.490456581115723s

Result: 28540
Status of facilities: 1 1 1 0 1 1 1 1 1 1 1 0 0 1 0 0 0 0 1 0 0 1 1 1 1 1 0 0 1 0 
The assignment of customers to facilities: 18 6 21 22 2 25 21 0 22 28 4 28 13 1 28 18 1 10 22 0 18 21 5 24 10 18 24 0 4 2 6 9 4 21 18 4 8 8 24 21 18 9 6 4 8 6 13 21 6 10 24 24 24 21 8 6 18 9 18 25 4 0 7 8 13 25 5 10 0 25 18 6 6 9 23 23 10 23 8 24 10 0 9 7 4 13 6 5 24 7 28 6 25 25 2 13 28 6 0 28 28 21 25 18 4 0 4 24 22 13 9 4 18 6 6 8 28 7 0 8 9 25 28 9 9 21 2 28 9 0 28 24 25 10 23 9 1 13 28 10 25 22 28 25 25 5 24 21 18 25 24 0 23 0 8 25 2 21 13 13 13 0 10 24 5 24 5 4 1 21 1 8 28 10 4 2 0 10 4 10 5 21 2 6 25 8 28 23 0 21 2 21 6 4 7 25 7 21 10 6 
Time cost: 4.573330640792847s

Result: 28378
Status of facilities: 1 1 1 1 1 1 1 1 1 1 0 1 1 0 1 0 0 1 0 0 0 1 0 0 0 1 0 1 0 0 
The assignment of customers to facilities: 7 6 21 27 2 12 21 27 27 17 4 17 8 1 6 7 1 8 27 0 27 21 5 0 14 27 27 14 4 2 6 6 4 21 27 6 8 8 27 21 7 9 6 4 8 4 3 21 14 14 0 21 2 21 8 6 11 9 27 7 4 0 7 8 3 11 5 14 6 25 7 12 6 9 5 5 8 5 8 21 5 0 9 25 4 8 6 5 27 7 17 6 25 25 2 3 11 12 0 17 17 21 25 7 4 0 4 27 27 3 14 4 27 12 12 8 11 7 17 8 9 11 17 6 9 21 2 11 14 17 11 21 25 14 1 9 3 3 17 14 12 27 11 11 25 5 27 21 27 25 27 17 5 0 8 11 2 21 3 3 1 27 14 2 5 27 5 6 3 21 1 8 14 14 4 2 0 14 4 14 5 21 2 6 12 8 11 5 0 21 2 21 6 4 7 12 7 21 14 6 
Time cost: 4.424241065979004s

Result: 28053
Status of facilities: 1 0 1 1 1 1 1 1 1 1 1 1 0 1 1 0 0 1 0 0 0 1 1 0 1 0 0 0 1 0 
The assignment of customers to facilities: 7 6 21 22 2 6 21 28 22 28 9 28 13 13 28 7 3 10 22 0 11 21 5 24 10 11 24 14 4 2 6 6 4 21 28 6 8 8 24 21 7 9 6 4 8 14 13 21 14 14 24 24 24 21 8 6 11 9 22 7 4 0 7 8 13 11 5 14 28 11 7 11 6 9 5 13 10 5 8 24 10 0 9 7 4 13 4 5 24 7 28 6 7 11 2 3 11 6 0 28 28 21 11 7 4 0 4 24 22 3 14 4 22 6 11 8 28 7 17 8 9 11 17 4 9 21 2 11 14 17 28 24 11 10 5 9 3 3 28 10 11 22 11 11 11 5 24 21 22 7 24 17 10 0 8 11 2 21 3 13 13 0 10 24 5 24 5 4 3 21 5 8 28 14 4 2 0 10 4 10 5 21 2 6 11 8 28 10 0 21 2 21 6 4 7 6 7 21 10 6 
Time cost: 4.279367208480835s

Result: 29038
Status of facilities: 1 0 1 1 1 1 1 1 1 1 0 1 1 1 1 1 0 1 0 0 0 0 1 1 0 0 0 0 0 1 
The assignment of customers to facilities: 7 6 2 22 2 12 15 0 22 17 4 17 13 13 6 7 3 13 22 0 11 15 5 0 23 11 22 14 29 2 6 4 4 15 0 6 8 8 0 15 7 9 6 4 8 4 13 2 14 14 0 22 2 15 8 6 11 9 22 7 29 0 7 8 13 11 5 14 6 12 7 12 6 9 23 23 8 23 8 22 23 0 9 7 29 13 6 5 22 7 17 6 7 11 2 3 11 6 0 17 17 15 12 7 4 0 4 22 22 3 14 4 22 12 12 8 11 7 17 8 9 11 17 6 9 15 2 11 4 17 11 2 11 8 23 9 3 3 17 14 12 22 11 11 11 5 22 15 22 7 0 17 23 0 8 11 2 15 3 13 13 0 23 2 5 0 5 4 3 15 5 8 14 14 4 2 0 14 29 14 5 15 2 6 12 8 11 23 0 2 2 2 6 4 7 12 7 15 23 6 
Time cost: 4.2420759201049805s

Result: 29635
Status of facilities: 1 0 1 1 1 1 1 1 1 0 1 0 1 1 0 0 0 1 1 1 1 0 0 1 0 0 0 1 0 1 
The assignment of customers to facilities: 18 19 2 27 2 12 5 27 18 17 4 17 13 13 19 18 3 20 27 0 18 2 5 0 10 18 27 19 29 2 19 19 4 2 27 6 20 8 27 2 18 8 6 4 8 19 13 2 19 20 0 27 0 2 8 6 18 8 18 7 29 0 7 8 13 12 5 17 19 12 18 12 19 8 23 23 20 23 8 27 10 0 8 7 29 13 6 5 27 7 17 6 7 7 0 3 27 6 0 17 17 2 12 18 4 0 4 27 27 3 19 4 27 12 12 8 17 7 17 8 20 12 17 19 4 2 2 12 19 17 27 0 12 20 23 8 3 3 17 10 12 27 12 12 7 5 27 2 27 7 27 17 23 0 8 12 5 2 3 13 13 27 10 0 5 27 5 4 3 2 5 20 19 10 4 0 0 10 29 10 5 2 2 19 12 8 12 23 0 2 2 2 6 4 7 12 7 2 10 19 
Time cost: 4.267073631286621s

Result: 28972
Status of facilities: 1 0 1 1 1 1 1 1 1 1 0 1 1 1 0 0 0 1 0 0 0 0 1 1 0 0 1 1 1 0 
The assignment of customers to facilities: 7 6 2 27 2 12 2 27 22 28 4 28 13 13 28 7 3 13 22 0 27 22 5 0 23 27 27 28 4 5 6 26 4 22 27 6 8 8 27 2 7 9 6 4 8 26 13 2 6 17 0 22 0 2 8 6 11 9 22 7 4 0 7 8 13 11 5 17 28 12 7 12 6 9 23 23 8 23 8 22 23 0 9 7 4 13 6 5 27 7 28 6 7 11 0 3 11 6 0 28 28 2 12 7 4 0 4 27 22 3 26 4 27 12 12 8 28 7 17 8 26 11 17 6 26 22 2 11 26 17 28 2 11 8 23 9 3 3 28 17 12 22 11 11 11 5 27 2 27 7 27 17 23 0 8 11 5 2 3 13 13 27 23 0 5 27 5 4 3 2 5 8 28 17 26 2 0 23 4 23 5 2 2 6 12 8 28 23 0 0 2 2 6 4 7 12 7 2 23 6 
Time cost: 4.26416802406311s

Result: 28135
Status of facilities: 1 1 1 1 1 1 1 1 1 1 0 1 0 0 0 0 1 1 0 0 1 0 0 0 1 0 0 1 1 1 
The assignment of customers to facilities: 7 6 2 27 2 6 2 27 27 28 4 28 20 1 28 7 1 20 27 0 27 16 5 24 20 27 27 28 29 2 6 4 4 16 27 6 20 8 24 16 7 9 6 29 8 4 3 2 6 20 24 16 24 16 8 6 11 9 27 7 29 0 7 8 3 11 5 17 28 11 7 6 6 9 5 5 20 5 8 16 20 0 9 7 29 20 6 5 27 7 28 6 7 11 2 3 11 11 0 28 28 16 11 7 4 0 4 24 27 3 28 4 27 6 11 8 28 7 17 8 9 11 17 4 9 16 2 11 4 17 28 24 11 20 1 9 3 3 28 20 11 27 11 11 11 5 24 16 27 7 24 17 5 0 8 11 2 16 3 3 1 27 20 24 5 27 5 4 3 2 1 20 28 20 4 2 0 20 29 20 5 16 2 6 11 8 28 5 0 2 2 2 6 4 7 6 7 2 20 6 
Time cost: 4.2748963832855225s

Result: 28158
Status of facilities: 1 0 1 1 1 1 1 1 1 1 0 0 1 1 0 0 1 0 1 1 1 1 1 0 0 1 0 0 0 0 
The assignment of customers to facilities: 18 19 21 22 2 12 21 0 22 0 4 19 13 13 19 18 3 20 22 0 18 16 5 0 20 18 22 19 4 2 19 19 4 16 18 6 20 8 16 16 18 9 6 4 8 19 13 21 19 20 0 16 2 16 8 6 25 9 18 7 4 0 7 8 13 25 5 19 19 25 18 12 19 9 5 13 20 5 8 16 13 0 9 25 4 13 6 5 22 7 0 6 25 25 2 3 18 6 0 19 19 21 25 18 4 0 4 16 22 3 19 4 18 12 12 8 19 7 0 8 9 25 0 19 9 16 2 12 19 0 18 21 25 20 5 9 3 3 0 20 12 22 12 25 25 5 16 21 18 25 0 0 5 0 8 12 2 16 3 13 13 0 20 2 5 18 5 4 3 21 5 20 19 20 4 2 0 20 4 20 5 21 2 19 12 8 12 13 0 21 2 21 6 4 7 12 7 21 20 19 
Time cost: 4.256354331970215s

Result: 29099
Status of facilities: 1 0 1 1 1 1 1 1 1 1 1 1 1 0 1 0 0 1 1 0 1 0 0 0 0 0 0 1 0 0 
The assignment of customers to facilities: 18 6 2 27 5 12 5 27 18 17 4 17 10 3 6 18 3 20 27 0 18 2 5 0 10 18 27 14 4 2 6 4 4 2 27 12 20 8 27 2 18 9 6 4 8 6 3 2 14 14 0 27 2 0 8 6 11 9 18 7 4 0 7 8 3 11 5 14 6 12 18 12 6 9 5 10 20 5 8 27 10 0 9 7 4 10 6 5 27 7 17 6 7 11 0 3 11 6 0 17 17 2 12 18 4 0 4 27 27 3 14 4 27 12 12 8 11 7 17 8 9 11 17 6 9 2 2 11 4 17 11 2 11 20 5 9 3 3 17 10 12 27 11 11 11 5 27 2 27 11 27 17 10 0 8 11 2 2 3 3 3 27 10 0 5 27 5 4 3 2 5 20 14 14 9 2 0 10 4 10 5 2 0 6 12 8 11 10 0 2 2 2 6 6 7 12 7 2 10 6 
Time cost: 4.326219081878662s

Result: 27782
Status of facilities: 1 0 1 1 1 1 1 1 1 1 0 0 0 1 1 1 0 0 0 1 0 0 1 1 0 1 0 1 1 0 
The assignment of customers to facilities: 7 19 2 27 2 6 15 27 22 28 4 28 13 13 28 7 3 13 22 0 27 15 5 0 23 27 27 19 4 2 19 19 4 15 27 6 8 8 27 15 7 9 6 4 8 19 13 2 19 14 0 22 2 15 8 6 25 9 22 7 4 0 7 8 13 25 5 14 19 25 7 6 19 9 23 23 8 23 8 22 23 0 9 25 4 13 6 5 27 7 28 19 25 25 2 3 28 6 0 28 28 15 25 7 4 0 4 27 22 3 19 4 27 6 6 8 28 7 14 8 9 25 28 19 9 15 2 25 19 0 28 2 25 14 23 9 3 3 28 14 6 22 28 25 25 5 27 15 27 25 27 0 23 0 8 28 2 15 3 13 13 27 23 2 5 27 5 4 3 15 5 8 19 14 4 2 0 14 4 14 5 15 2 19 6 8 28 23 0 2 2 2 6 4 7 6 7 15 23 19 
Time cost: 4.293563604354858s

Result: 27103
Status of facilities: 1 0 1 1 1 1 1 1 1 1 1 1 0 0 0 0 1 0 1 1 0 1 0 1 0 0 0 1 0 0 
The assignment of customers to facilities: 18 19 21 27 2 6 21 27 18 27 4 19 10 3 19 18 3 10 27 0 18 16 5 0 10 18 27 19 4 2 19 19 4 16 27 6 8 8 16 16 18 9 6 4 8 19 3 21 19 10 0 16 2 16 8 6 11 9 18 7 4 0 7 8 3 11 5 19 19 11 18 6 19 9 23 23 10 23 8 16 10 0 9 7 4 10 6 5 27 7 11 6 7 11 2 3 11 6 0 11 19 21 11 18 4 0 4 27 27 3 19 4 27 6 11 8 11 7 0 8 9 11 0 19 9 16 2 11 19 0 11 21 11 10 23 9 3 3 11 10 11 27 11 11 11 5 16 21 27 11 27 0 23 0 8 11 2 16 3 3 3 27 10 2 5 27 5 4 3 21 5 8 19 10 4 2 0 10 4 10 5 21 2 19 11 8 11 23 0 21 2 21 6 4 7 6 7 21 10 19 
Time cost: 4.2536256313323975s

Result: 28665
Status of facilities: 1 0 1 1 1 1 1 1 1 1 0 0 0 0 1 1 1 1 0 0 0 0 0 1 0 1 0 0 1 0 
The assignment of customers to facilities: 7 6 2 16 2 6 15 28 16 28 4 28 23 3 28 7 3 8 16 0 7 16 5 0 23 7 0 14 4 2 6 14 4 16 28 6 8 8 16 16 7 9 6 4 8 4 3 2 14 14 0 16 2 16 8 6 25 9 7 7 4 0 7 8 3 25 5 14 28 25 7 6 6 9 23 23 8 23 8 16 23 0 9 25 9 23 6 5 0 7 28 6 25 25 2 3 28 6 0 28 17 15 25 7 4 0 4 16 16 3 14 4 0 6 6 8 17 7 17 8 9 25 17 6 9 16 2 28 14 17 28 16 25 14 23 9 3 3 28 14 25 16 25 25 25 5 16 15 0 25 0 17 23 0 8 28 2 15 3 3 3 0 23 2 5 0 5 4 3 15 5 8 28 14 9 2 0 14 4 14 5 15 2 28 25 8 28 23 0 2 2 2 4 4 7 25 7 15 23 6 
Time cost: 4.315770149230957s

Result: 27376
Status of facilities: 1 0 1 1 1 1 1 1 1 1 1 1 1 0 1 0 1 0 0 1 0 0 0 0 1 0 0 0 0 0 
The assignment of customers to facilities: 7 19 2 24 2 12 2 0 24 0 4 19 10 3 19 7 3 10 16 0 11 16 5 24 10 11 24 19 4 2 19 19 4 16 0 6 8 8 24 16 7 9 6 4 8 19 3 2 19 14 24 16 2 16 8 6 11 9 7 7 4 0 7 8 3 11 5 14 19 12 7 12 19 9 5 10 10 5 8 16 10 0 9 7 4 10 6 5 24 7 11 6 7 11 2 3 11 6 0 11 19 16 12 7 4 0 4 24 16 3 19 4 24 12 12 8 11 7 14 8 9 11 0 19 9 16 2 11 19 0 11 16 11 10 5 9 3 3 11 10 12 24 11 11 11 5 24 16 11 11 24 0 10 0 8 11 2 16 3 3 3 0 10 24 5 24 5 4 3 2 5 8 19 14 4 2 0 10 4 10 5 16 2 19 12 8 11 10 0 2 2 16 6 4 7 12 7 2 10 19 
Time cost: 4.252064943313599s

