Begin: 92866

Result: 39651
Status of facilities: 1 0 1 1 1 1 1 1 1 1 0 0 1 0 0 0 0 1 0 0 0 0 1 1 1 0 1 1 1 0 
The assignment of customers to facilities: 7 6 2 27 2 12 2 27 22 28 4 28 23 3 28 7 3 8 22 0 27 24 5 24 23 27 27 17 4 2 6 26 4 24 27 6 8 8 24 24 7 9 6 4 8 26 3 2 6 17 24 24 24 24 8 6 7 9 22 7 4 0 7 8 3 12 5 17 28 12 7 12 6 9 23 23 8 23 8 24 23 0 9 7 4 23 6 5 27 7 28 6 7 7 2 3 28 6 0 28 28 2 12 7 4 0 4 24 22 3 26 4 27 12 12 8 28 7 17 8 26 12 17 6 26 24 2 12 26 17 28 24 12 8 23 9 3 3 28 17 12 22 12 12 7 5 24 2 27 7 24 17 23 0 8 28 2 24 3 3 3 27 23 2 5 27 5 4 3 2 5 8 28 17 26 2 0 8 4 8 5 2 2 6 12 8 28 23 0 24 2 2 6 4 7 12 7 2 23 6 
Time cost: 4.330603361129761s

Result: 39712
Status of facilities: 1 0 1 1 1 1 1 1 1 1 1 1 1 0 1 0 0 0 1 0 1 1 0 0 1 0 0 0 0 0 
The assignment of customers to facilities: 18 6 21 24 2 12 21 0 18 0 4 14 10 3 6 18 3 20 24 0 18 21 5 24 10 18 24 14 4 2 6 6 4 21 18 6 20 8 24 21 18 9 6 9 8 4 3 21 14 14 24 24 2 21 8 6 11 9 18 7 4 0 7 8 3 11 5 14 6 12 18 12 6 9 5 10 20 5 8 24 10 0 9 7 4 10 6 5 24 7 11 6 7 11 2 3 11 6 0 11 14 21 12 18 4 0 4 24 24 3 14 4 18 12 12 8 11 7 14 8 9 11 0 6 9 21 2 11 14 0 11 24 11 20 5 9 3 3 11 10 12 18 11 11 11 5 24 21 18 11 24 0 10 0 8 11 2 21 3 3 3 0 10 24 5 18 5 4 3 21 5 20 14 14 4 2 0 10 4 10 5 21 2 6 12 8 11 10 0 21 2 21 6 4 7 12 7 21 10 6 
Time cost: 4.2971272468566895s

Result: 39035
Status of facilities: 1 0 1 1 1 1 1 1 1 1 0 1 1 0 0 1 0 0 0 0 1 0 1 0 0 1 0 0 1 0 
The assignment of customers to facilities: 7 6 2 22 2 12 15 28 22 28 4 28 20 3 28 7 3 20 22 0 11 15 5 0 20 11 22 6 4 2 6 4 4 15 28 12 20 8 22 15 7 9 6 4 8 6 3 2 6 20 0 22 2 15 8 12 11 9 22 7 4 0 7 8 3 11 5 28 28 25 7 12 6 9 5 5 20 5 8 22 20 0 9 25 4 20 6 5 22 7 28 6 25 25 2 3 11 12 0 28 28 15 25 7 4 0 4 22 22 3 6 4 22 12 12 8 28 7 0 8 9 11 28 6 9 15 2 11 4 0 28 2 25 20 5 9 3 3 28 20 12 22 11 11 25 5 22 15 22 25 0 0 5 0 8 11 2 15 3 3 3 0 20 2 5 0 5 6 3 15 5 20 28 20 4 2 0 20 4 20 5 15 2 6 12 8 11 5 0 2 2 2 6 4 7 12 7 15 20 6 
Time cost: 4.418847322463989s

Result: 40942
Status of facilities: 1 0 1 1 1 1 1 1 1 1 0 1 0 0 1 0 0 1 0 1 0 0 0 1 0 0 1 1 1 0 
The assignment of customers to facilities: 7 19 2 27 5 6 2 27 27 28 4 28 23 3 28 7 3 8 27 0 27 2 5 0 23 27 27 19 4 2 19 19 4 2 27 6 8 8 27 2 7 9 6 4 8 19 3 2 19 14 0 27 2 2 8 6 11 9 27 7 4 0 7 8 3 11 5 14 28 11 7 6 19 9 23 23 8 23 8 27 23 0 9 7 4 23 6 5 27 7 28 6 7 11 0 3 11 6 0 28 28 2 11 7 4 0 4 27 27 3 19 4 27 6 11 8 28 7 17 8 26 11 17 19 26 2 5 11 26 17 28 2 11 8 23 9 3 3 28 14 11 27 11 11 11 5 27 5 27 11 27 17 23 0 8 11 2 5 3 3 3 27 23 2 5 27 5 4 3 0 5 8 19 14 26 2 0 14 4 14 5 2 0 6 11 8 28 23 0 2 2 2 6 4 7 6 7 2 23 19 
Time cost: 4.483257293701172s

Result: 40465
Status of facilities: 1 0 1 1 1 1 1 1 1 1 0 0 1 1 0 0 0 1 0 0 0 0 1 0 0 1 1 1 1 0 
The assignment of customers to facilities: 7 6 2 27 2 12 2 27 22 28 4 28 13 13 28 7 3 13 22 0 27 22 5 0 13 27 27 28 4 2 6 26 4 22 27 6 8 8 27 2 7 9 6 4 8 26 13 2 6 17 0 22 0 2 8 6 25 9 22 7 4 0 7 8 13 25 5 17 28 25 7 12 6 9 5 13 8 5 8 22 13 0 9 25 4 13 6 5 27 7 28 6 25 25 0 3 27 6 0 28 28 5 25 7 4 0 4 27 22 3 26 4 27 12 12 8 28 7 17 8 26 25 17 6 26 22 2 12 26 17 28 2 25 8 5 9 3 3 28 17 12 22 12 25 25 5 27 22 27 25 27 17 5 0 8 28 2 2 3 13 13 27 13 0 5 27 5 4 3 2 5 8 28 17 26 2 0 13 4 13 5 2 2 6 12 8 28 13 0 2 2 2 6 4 7 12 7 2 13 6 
Time cost: 4.553972005844116s

Result: 41012
Status of facilities: 1 0 1 1 1 1 1 1 1 1 0 0 0 1 1 0 0 1 1 0 0 1 0 0 1 0 0 0 1 1 
The assignment of customers to facilities: 18 6 21 24 2 28 21 0 18 17 4 28 13 13 28 18 3 13 24 0 18 21 5 24 13 18 24 14 29 2 6 4 4 21 18 6 8 8 24 21 18 9 6 4 8 4 13 21 14 14 24 24 2 21 8 6 18 9 18 7 29 0 7 8 13 7 5 14 28 7 18 6 4 9 5 13 8 5 8 24 13 0 9 7 29 13 6 5 24 7 28 4 7 7 2 3 28 6 0 28 28 21 7 18 4 0 29 24 24 3 14 4 18 6 6 8 17 7 17 8 9 18 17 4 9 21 2 18 4 17 28 24 7 8 5 9 3 3 28 14 6 24 28 7 7 5 24 21 18 7 24 17 5 0 8 28 2 21 3 13 13 0 13 2 5 24 5 4 3 21 5 8 28 14 9 2 0 14 29 14 5 21 2 6 6 8 28 13 0 21 2 21 6 29 7 6 7 21 14 14 
Time cost: 4.637226819992065s

Result: 37916
Status of facilities: 1 0 1 1 1 1 1 1 1 1 0 0 1 0 0 1 0 0 0 0 0 1 1 1 0 0 0 0 1 0 
The assignment of customers to facilities: 7 6 21 22 2 12 15 28 22 28 4 28 23 3 28 7 3 8 22 0 7 21 5 0 23 7 22 6 4 2 6 4 4 21 28 12 8 8 21 15 7 9 6 4 8 6 3 21 6 9 0 22 2 21 8 12 7 9 22 7 4 0 7 8 3 12 5 28 6 12 7 12 6 9 23 23 8 23 8 22 23 0 9 7 4 23 6 5 22 7 28 6 7 7 2 3 28 12 0 28 28 15 12 7 4 0 4 21 22 3 6 4 22 12 12 8 28 7 0 8 9 12 28 6 9 21 2 12 9 0 28 21 12 8 23 9 3 3 28 23 12 22 12 12 7 5 21 15 22 7 0 0 23 0 8 12 2 15 3 3 3 0 23 2 5 0 5 4 3 21 5 8 6 8 9 2 0 8 4 8 5 21 2 6 12 8 28 23 0 21 2 21 6 4 7 12 7 15 8 6 
Time cost: 4.568560361862183s

Result: 41443
Status of facilities: 1 1 1 1 1 1 1 1 1 1 0 1 1 0 0 0 0 1 1 0 0 0 1 0 0 1 0 0 1 0 
The assignment of customers to facilities: 18 6 2 22 2 12 5 28 22 28 4 28 8 1 28 18 1 8 22 0 18 22 5 0 5 18 22 28 4 2 6 6 4 22 18 6 8 8 22 2 18 9 6 4 8 4 3 2 6 17 0 22 2 22 8 6 11 9 18 7 4 0 7 8 3 11 5 17 28 25 18 12 6 9 5 5 8 5 8 22 5 0 9 25 4 8 6 5 22 7 28 6 25 25 0 3 11 6 0 28 28 2 25 18 4 0 4 22 22 3 6 4 18 12 12 8 28 7 17 8 9 11 17 6 9 22 2 11 9 17 28 2 25 8 1 9 3 3 28 17 12 22 11 11 25 5 22 22 18 25 0 17 5 0 8 11 2 2 3 3 1 0 5 2 5 18 5 4 3 2 1 8 28 17 9 2 0 8 4 8 5 2 0 6 12 8 28 5 0 2 2 2 6 4 7 12 7 2 17 6 
Time cost: 4.308773040771484s

Result: 39121
Status of facilities: 1 0 1 1 1 1 1 1 1 1 0 0 1 1 0 0 0 1 0 1 0 1 0 0 1 1 0 0 0 0 
The assignment of customers to facilities: 7 19 21 24 2 12 21 0 24 17 4 17 13 13 19 7 3 13 21 0 7 21 5 24 13 7 24 19 4 2 19 19 4 21 0 6 8 8 24 21 7 9 6 4 8 19 13 21 19 19 24 24 2 21 8 6 25 9 7 7 4 0 7 8 13 25 5 19 19 25 7 12 19 9 5 13 8 5 8 24 13 0 9 25 4 13 6 5 24 7 17 6 25 25 2 3 12 6 0 17 17 21 25 7 4 0 4 24 24 3 19 4 24 12 12 8 17 7 17 8 9 25 17 19 9 21 2 12 19 17 17 24 25 8 5 9 3 3 17 17 12 24 12 25 25 5 24 21 0 25 24 17 5 0 8 12 2 21 3 13 13 0 13 2 5 0 5 4 3 21 5 8 19 17 4 2 0 13 4 13 5 21 2 19 12 8 12 13 0 21 2 21 6 4 7 12 7 21 13 19 
Time cost: 4.299546718597412s

Result: 37164
Status of facilities: 1 0 1 1 1 1 1 1 1 1 1 1 0 0 0 0 0 0 0 1 0 1 0 0 1 0 0 1 1 0 
The assignment of customers to facilities: 7 19 21 27 2 6 21 27 27 28 4 28 10 3 28 7 3 10 27 0 27 21 5 24 10 27 27 19 4 2 19 19 4 21 27 6 8 8 24 21 7 9 6 4 8 19 3 21 19 10 24 24 24 21 8 6 11 9 7 7 4 0 7 8 3 11 5 19 28 11 7 6 19 9 5 10 10 5 8 24 10 0 9 7 4 10 6 5 27 7 28 6 7 11 2 3 11 6 0 28 28 21 11 7 4 0 4 24 27 3 19 4 27 6 11 8 28 7 0 8 9 11 28 19 9 21 2 11 19 0 28 24 11 10 5 9 3 3 28 10 11 27 11 11 11 5 24 21 27 11 24 0 5 0 8 11 2 21 3 3 3 27 10 24 5 27 5 4 3 21 5 8 19 10 4 2 0 10 4 10 5 21 2 19 11 8 28 10 0 21 2 21 6 4 7 6 7 21 10 19 
Time cost: 4.277795076370239s

Result: 39551
Status of facilities: 1 0 1 1 1 1 1 1 1 0 0 1 0 1 0 0 1 1 0 1 1 0 0 1 0 0 1 1 0 0 
The assignment of customers to facilities: 7 19 2 27 2 6 2 27 27 17 4 17 13 13 19 7 3 20 27 0 27 16 5 0 23 27 27 19 4 2 19 19 4 16 27 6 20 8 16 16 7 8 6 4 8 19 13 2 19 20 0 16 2 16 8 6 11 8 27 7 4 0 7 8 13 11 5 17 19 11 7 6 19 8 23 23 20 23 8 16 23 0 26 7 4 13 6 5 27 7 17 6 7 11 2 3 11 6 0 17 17 16 11 7 4 0 4 27 27 3 19 4 27 6 11 8 11 7 17 8 26 11 17 19 26 16 2 11 26 17 11 16 11 20 23 8 3 3 17 20 11 27 11 11 11 5 16 16 27 11 27 17 23 0 8 11 2 16 3 13 13 27 23 2 5 27 5 4 3 2 5 20 19 20 26 2 0 20 4 20 5 16 2 19 11 8 11 23 0 2 2 2 6 4 7 6 7 2 23 19 
Time cost: 4.357320070266724s

Result: 39865
Status of facilities: 1 0 1 1 1 1 1 1 1 0 1 0 0 1 1 0 0 1 0 1 1 0 0 0 1 0 0 1 0 0 
The assignment of customers to facilities: 7 19 2 27 2 6 2 27 27 17 4 17 13 13 19 7 3 20 27 0 27 24 5 24 10 27 27 19 4 2 19 19 4 24 27 6 20 8 24 24 7 8 6 4 8 19 13 2 19 14 24 24 2 2 8 6 7 8 27 7 4 0 7 8 13 7 5 14 19 7 7 6 19 8 5 13 20 5 8 24 10 0 8 7 4 13 6 5 27 7 17 6 7 7 0 3 27 6 0 17 17 2 7 7 4 0 4 24 27 3 19 4 27 6 6 8 17 7 17 8 14 7 17 19 4 24 2 6 19 17 27 24 7 20 5 8 3 3 17 10 6 27 6 7 7 5 24 24 27 7 24 17 10 0 8 27 2 2 3 13 13 27 10 24 5 27 5 4 3 2 5 20 19 14 4 2 0 10 4 10 5 2 24 19 6 8 17 10 0 2 2 2 19 4 7 19 7 2 10 19 
Time cost: 4.3171751499176025s

Result: 41414
Status of facilities: 1 1 1 1 1 1 1 1 1 1 1 0 1 0 0 0 1 1 1 0 0 0 0 0 1 1 1 0 1 0 
The assignment of customers to facilities: 18 6 2 24 2 12 2 0 18 28 4 28 10 1 28 18 1 10 24 0 18 16 5 24 10 18 24 17 4 2 6 26 4 16 28 6 8 8 24 16 18 9 6 4 8 26 3 2 6 10 24 16 24 16 8 6 25 9 18 7 4 0 7 8 3 25 5 17 28 25 18 12 6 9 5 10 10 5 8 16 10 0 9 25 4 10 6 5 24 7 28 6 25 25 2 3 28 6 0 28 28 16 25 18 4 0 4 24 16 3 26 4 18 12 12 8 28 7 17 8 26 25 17 6 26 16 2 12 26 17 28 24 25 10 1 9 3 3 28 10 12 18 12 25 25 5 24 16 18 25 24 17 5 0 8 28 2 16 3 3 1 0 10 24 5 24 5 4 3 2 1 8 28 10 26 2 0 10 4 10 5 16 2 6 12 8 28 10 0 2 2 16 6 4 7 12 7 2 10 6 
Time cost: 4.292625427246094s

Result: 41007
Status of facilities: 1 0 1 1 1 1 1 1 1 1 0 1 0 1 0 0 0 1 1 0 1 1 1 0 0 1 0 1 0 0 
The assignment of customers to facilities: 18 6 21 27 2 11 21 27 22 17 4 17 13 13 6 18 3 20 22 0 18 21 5 0 20 18 27 17 4 2 6 4 4 21 27 6 20 8 27 21 18 9 6 4 8 6 13 21 17 20 0 22 2 21 8 6 11 9 18 25 4 0 7 8 13 11 5 17 11 25 18 6 6 9 5 13 20 5 8 22 13 0 9 25 4 13 6 5 27 7 17 6 25 25 2 3 11 11 0 17 17 21 25 18 4 0 4 27 22 3 17 4 27 6 11 8 11 7 17 8 9 11 17 6 9 21 2 11 9 17 11 21 25 20 5 9 3 3 17 20 11 22 11 11 25 5 27 21 27 25 27 17 5 0 8 11 2 21 3 13 13 27 20 2 5 27 5 4 3 21 5 20 17 20 9 2 0 20 4 20 5 21 2 6 11 8 11 13 0 21 2 21 6 4 7 11 7 21 20 6 
Time cost: 4.321286678314209s

Result: 39290
Status of facilities: 1 0 1 1 1 1 1 1 1 1 1 0 1 0 1 0 0 1 0 0 0 1 0 0 1 0 1 1 0 0 
The assignment of customers to facilities: 7 6 21 27 2 12 21 27 27 17 4 17 10 3 6 7 3 10 27 0 27 21 5 24 10 27 27 14 4 2 6 26 4 21 27 6 8 8 24 21 7 9 6 4 8 26 3 21 14 14 24 24 24 21 8 6 7 9 27 7 4 0 7 8 3 12 5 14 6 12 7 12 6 9 5 10 10 5 8 24 10 0 9 7 4 10 6 5 27 7 17 6 7 7 2 3 27 6 0 17 17 21 12 7 4 0 4 24 27 3 14 4 27 12 12 8 17 7 17 8 26 12 17 6 26 21 2 12 26 17 27 24 12 10 5 9 3 3 17 10 12 27 12 12 7 5 24 21 27 7 24 17 10 0 8 12 2 21 3 3 3 27 10 24 5 27 5 4 3 21 5 8 14 14 26 2 0 10 4 10 5 21 2 6 12 8 12 10 0 21 2 21 6 4 7 12 7 21 10 6 
Time cost: 4.305172443389893s

Result: 40346
Status of facilities: 1 0 1 1 1 1 1 1 1 1 1 0 1 1 0 0 0 0 1 0 0 0 0 1 1 1 0 0 0 0 
The assignment of customers to facilities: 18 6 2 24 2 12 2 0 18 0 4 0 13 13 6 18 3 10 24 0 18 24 5 24 10 18 24 6 4 2 4 4 4 2 18 6 8 8 24 24 18 9 6 4 8 9 13 2 6 10 24 24 24 24 8 6 25 9 18 7 4 0 7 8 13 25 5 10 6 25 7 12 6 9 23 23 10 23 8 24 10 0 9 25 9 13 6 5 18 7 0 6 25 25 0 3 18 12 0 6 0 2 25 7 4 0 4 24 18 3 6 4 18 12 12 8 12 7 0 8 9 25 0 4 9 24 2 12 4 0 18 24 25 10 23 9 3 3 0 10 12 18 12 25 25 5 24 2 18 25 24 0 23 0 8 12 2 2 3 13 13 0 10 0 5 18 5 4 3 2 5 8 6 10 9 2 0 10 6 10 5 2 2 6 12 8 12 23 0 2 2 2 6 4 7 12 7 2 10 6 
Time cost: 4.353270769119263s

Result: 40971
Status of facilities: 1 1 1 1 1 1 1 1 1 1 0 1 1 0 1 1 1 1 0 1 0 0 0 0 0 0 0 1 0 0 
The assignment of customers to facilities: 7 19 2 27 2 12 15 27 27 17 4 17 8 1 19 7 1 8 27 0 27 16 5 0 14 27 27 19 4 2 19 19 4 16 27 6 8 8 16 16 7 9 6 4 8 19 3 2 19 14 0 16 2 16 8 6 11 9 27 7 4 0 7 8 3 11 5 14 19 12 7 12 19 9 5 5 8 5 8 16 5 0 9 7 4 8 6 5 27 7 17 6 7 11 2 3 11 6 0 17 17 15 12 7 4 0 4 27 27 3 19 4 27 12 12 8 11 7 17 8 9 11 17 19 9 16 2 11 19 17 11 16 11 14 1 9 3 3 17 14 12 27 11 11 11 5 16 15 27 7 27 17 5 0 8 11 2 15 3 3 1 27 14 2 5 27 5 4 3 15 1 8 19 14 4 2 0 14 4 14 5 15 2 6 12 8 11 5 0 2 2 16 6 4 7 12 7 15 14 19 
Time cost: 4.254435777664185s

Result: 38803
Status of facilities: 1 0 1 1 1 1 1 1 1 1 0 0 1 0 0 1 0 0 0 0 1 1 1 0 0 0 1 0 1 0 
The assignment of customers to facilities: 7 6 21 22 2 12 15 28 22 28 4 28 20 3 28 7 3 20 22 0 7 21 5 0 20 7 22 28 4 2 6 26 4 21 0 6 20 8 21 15 7 9 6 4 8 26 3 21 6 20 0 22 2 21 8 6 7 9 22 7 4 0 7 8 3 12 5 20 6 12 7 12 6 9 5 5 20 5 8 22 20 0 9 7 4 20 6 5 22 7 28 6 7 7 2 3 28 6 0 28 28 15 12 7 4 0 4 21 22 3 26 4 22 12 12 8 6 7 0 8 26 12 28 6 26 21 2 12 26 0 28 21 12 20 5 9 3 3 28 20 12 22 12 12 7 5 21 15 22 7 0 0 5 0 8 28 2 15 3 3 3 0 20 2 5 0 5 4 3 21 5 20 28 20 26 2 0 20 4 20 5 21 2 6 12 8 28 5 0 21 2 21 6 4 7 12 7 21 20 6 
Time cost: 4.302321910858154s

Result: 40498
Status of facilities: 1 0 1 1 1 1 1 1 1 1 0 0 1 0 0 0 0 0 1 1 0 0 1 1 0 1 1 0 1 0 
The assignment of customers to facilities: 18 19 2 22 5 12 5 28 22 28 4 28 23 3 28 18 3 8 22 0 18 22 5 0 23 18 22 19 4 2 19 19 4 22 18 6 8 8 22 2 18 9 6 4 8 19 3 2 19 19 0 22 2 2 8 6 25 9 18 25 4 0 7 8 3 25 5 19 28 25 18 12 19 9 23 23 8 5 8 22 23 0 9 25 4 23 6 5 22 7 28 6 25 25 2 3 28 6 0 28 28 2 25 18 4 0 4 22 22 3 19 4 18 12 12 8 28 7 0 8 26 25 28 19 26 22 2 12 26 0 28 0 25 8 23 9 3 3 28 23 12 22 12 25 25 5 22 2 18 25 0 0 23 0 8 28 2 2 3 3 3 0 23 0 5 18 5 4 3 2 5 8 19 8 26 2 0 23 4 23 5 2 2 19 12 8 12 23 0 0 2 2 6 4 7 12 7 2 8 19 
Time cost: 4.341754674911499s

Result: 41362
Status of facilities: 1 1 1 1 1 1 1 1 1 1 1 0 1 0 1 0 0 1 0 1 0 0 1 0 0 0 0 0 0 1 
The assignment of customers to facilities: 7 19 2 22 2 12 2 0 22 17 4 17 10 1 19 7 1 10 22 0 7 22 5 0 10 7 22 19 29 2 19 19 4 22 0 6 8 8 22 22 7 9 6 4 8 19 3 2 19 14 0 22 0 2 8 6 7 9 22 7 29 0 7 8 3 12 5 14 19 12 7 12 19 9 5 10 10 5 8 22 10 0 9 7 29 10 6 5 22 7 17 6 7 7 2 3 17 6 0 17 17 2 12 7 4 0 4 22 22 3 19 4 22 12 12 8 17 7 17 8 9 12 17 19 9 22 5 12 19 17 17 2 12 10 1 9 3 3 17 10 12 22 12 12 7 5 22 2 22 7 0 17 10 0 8 12 2 2 3 3 1 0 10 0 5 0 5 4 3 2 1 8 19 14 4 0 0 10 29 10 5 2 2 19 12 8 12 10 0 2 2 2 6 4 7 12 7 2 10 19 
Time cost: 4.304214954376221s

Result: 39379
Status of facilities: 1 0 1 1 1 1 1 1 1 1 0 1 1 0 1 0 1 1 0 0 0 0 0 1 0 0 0 1 1 0 
The assignment of customers to facilities: 7 6 2 27 2 12 2 27 27 28 4 28 23 3 28 7 3 8 27 0 27 16 5 0 23 27 27 14 4 2 6 4 4 16 27 6 8 8 16 16 7 9 6 4 8 6 3 2 14 14 0 16 2 16 8 6 11 9 27 7 4 0 7 8 3 11 5 14 28 12 7 12 6 9 23 23 8 23 8 16 23 0 9 7 4 23 6 5 27 7 28 6 7 11 2 3 11 6 0 28 28 16 12 7 4 0 4 27 27 3 14 4 27 12 12 8 28 7 17 8 9 11 17 6 9 16 2 11 14 17 28 16 11 14 23 9 3 3 28 14 12 27 11 11 11 5 16 16 27 11 27 17 23 0 8 11 2 16 3 3 3 27 23 2 5 27 5 4 3 2 5 8 28 14 9 2 0 14 4 14 5 16 2 6 12 8 28 23 0 2 2 2 6 4 7 12 7 2 23 6 
Time cost: 4.327294826507568s

Result: 40091
Status of facilities: 1 0 1 1 1 1 1 1 1 1 0 0 0 0 1 1 0 1 1 1 0 0 0 0 1 0 0 1 1 0 
The assignment of customers to facilities: 18 19 2 27 2 6 15 27 18 28 4 28 8 3 28 18 3 8 27 0 18 24 5 24 14 18 27 19 4 2 19 19 4 24 27 6 8 8 24 15 18 9 6 4 8 19 3 2 19 14 24 24 24 15 8 6 18 9 18 7 4 0 7 8 3 7 5 14 19 7 18 6 19 9 5 5 8 5 8 24 5 0 9 7 4 8 6 5 27 7 28 6 7 7 2 3 28 6 0 28 28 15 7 18 4 0 4 24 27 3 19 4 27 6 6 8 28 7 17 8 9 18 17 19 9 15 2 28 19 17 28 24 7 8 5 9 3 3 28 14 6 27 28 7 7 5 24 15 27 7 24 17 5 0 8 28 2 15 3 3 3 27 14 24 5 27 5 4 3 15 5 8 19 14 4 2 0 14 4 14 5 15 2 19 28 8 6 5 0 2 2 2 6 4 7 6 7 15 14 19 
Time cost: 4.558399200439453s

Result: 38955
Status of facilities: 1 0 1 1 1 1 1 1 1 1 0 1 0 1 0 0 0 1 1 0 0 1 0 0 1 0 0 0 1 0 
The assignment of customers to facilities: 18 6 21 24 2 11 21 28 18 28 4 28 13 13 28 18 3 13 24 0 18 21 5 24 13 18 24 28 4 2 6 4 4 21 18 6 8 8 24 21 18 9 6 4 8 6 13 21 6 17 24 24 24 21 8 6 11 9 18 7 4 0 7 8 13 11 5 17 28 11 18 11 6 9 5 13 8 5 8 21 13 0 9 7 9 13 6 5 24 7 28 6 7 11 2 3 11 11 0 28 28 21 11 18 4 0 4 24 24 3 4 4 18 6 11 8 28 7 17 8 9 11 17 6 9 21 2 11 9 17 28 24 11 8 5 9 3 3 28 17 11 18 11 11 11 5 24 21 18 11 24 17 5 0 8 11 2 21 3 13 13 0 13 24 5 18 5 4 3 21 5 8 28 17 4 2 0 13 4 13 5 21 2 6 11 8 28 13 0 21 2 21 6 4 7 6 7 21 13 6 
Time cost: 4.602998733520508s

Result: 40385
Status of facilities: 1 0 1 1 1 1 1 1 1 1 1 0 0 0 0 0 1 1 1 0 0 1 0 0 1 0 0 0 1 1 
The assignment of customers to facilities: 18 6 21 24 2 6 21 28 18 17 4 28 10 3 28 18 3 10 24 0 18 16 5 24 10 18 24 17 29 2 4 4 4 16 18 6 8 8 24 16 18 9 6 29 8 4 3 21 28 10 24 16 24 16 8 6 18 9 18 7 29 0 7 8 3 7 5 17 28 7 18 7 4 9 5 10 10 5 8 16 5 0 9 7 29 10 6 5 24 7 17 6 7 7 2 3 28 6 0 28 17 21 7 18 4 0 4 24 16 3 4 29 18 6 28 8 28 7 17 8 9 18 17 4 9 16 2 6 9 17 28 24 7 10 5 9 3 3 28 10 6 18 28 7 7 5 24 21 18 7 24 17 10 0 8 28 2 16 3 3 3 0 10 24 5 24 5 29 3 21 5 8 28 10 4 2 0 10 29 10 5 21 2 6 6 8 28 10 0 21 2 21 6 4 7 6 7 21 10 28 
Time cost: 4.576611757278442s

Result: 42012
Status of facilities: 1 0 1 1 1 1 1 1 1 1 1 0 0 0 1 0 0 1 1 0 0 0 0 1 0 1 1 1 1 0 
The assignment of customers to facilities: 18 6 2 27 5 25 5 27 18 28 4 28 10 3 28 18 3 10 27 0 18 2 5 0 10 18 27 14 4 2 6 26 4 27 27 6 8 8 27 2 18 9 6 4 8 26 3 2 14 14 0 27 2 2 8 6 25 9 18 25 4 0 7 8 3 25 5 14 28 25 18 6 6 9 23 23 10 23 8 27 10 0 9 25 4 10 6 5 27 7 28 6 25 25 0 3 28 6 0 28 28 5 25 18 4 0 4 27 27 3 14 4 27 6 6 8 28 7 17 8 26 25 17 4 26 27 2 6 26 17 28 2 25 10 23 9 3 3 28 10 6 27 28 25 25 5 27 2 27 25 27 17 23 0 8 28 2 2 3 3 3 27 10 0 5 27 5 4 3 0 5 8 14 14 26 2 0 10 4 10 5 2 2 6 25 8 28 23 0 2 2 2 6 4 7 25 7 2 10 14 
Time cost: 4.493082046508789s

Result: 40435
Status of facilities: 1 1 1 1 1 1 1 1 1 1 1 0 0 0 0 0 0 0 1 1 1 0 0 0 1 1 0 1 1 0 
The assignment of customers to facilities: 18 19 2 27 2 25 2 27 18 28 4 28 10 1 28 18 1 20 27 0 18 24 5 24 10 18 27 19 4 2 19 19 4 24 27 6 20 8 24 24 18 9 6 4 8 19 3 2 19 20 24 24 2 24 8 6 25 9 18 25 4 0 7 8 3 25 5 19 19 25 18 6 19 9 5 10 20 5 8 24 10 0 9 25 4 10 6 5 27 7 28 6 25 25 2 3 28 6 0 28 28 2 25 18 4 0 4 24 27 3 19 4 27 6 6 8 28 7 0 8 9 25 28 19 9 24 2 28 19 0 28 24 25 20 1 9 3 3 28 10 6 27 6 25 25 5 24 2 27 25 24 0 10 0 8 28 2 2 3 3 1 27 10 24 5 27 5 4 3 2 1 20 19 10 4 2 0 10 4 10 5 2 24 19 6 8 28 10 0 2 2 24 6 4 7 6 7 2 10 19 
Time cost: 4.3503148555755615s

Result: 39662
Status of facilities: 1 0 1 1 1 1 1 1 1 1 1 0 0 0 1 0 1 0 1 0 0 0 1 1 0 1 0 0 0 0 
The assignment of customers to facilities: 18 6 2 22 2 25 2 0 22 0 4 14 10 3 6 18 3 10 22 0 18 16 5 0 10 18 22 14 4 2 4 14 6 16 18 6 8 8 16 16 18 9 6 4 8 14 3 2 14 14 0 16 2 16 8 6 7 9 18 7 4 0 7 8 3 25 5 14 14 25 18 6 6 9 23 23 10 23 8 16 10 0 9 7 4 10 6 5 22 7 0 6 25 25 2 3 18 6 0 6 14 16 25 18 4 0 4 16 22 3 14 4 18 6 25 8 0 7 14 8 9 25 0 6 9 16 2 25 14 0 18 16 25 10 23 9 3 3 0 10 25 22 6 25 25 5 16 16 18 25 0 0 23 0 8 18 2 16 3 3 3 0 10 2 5 18 5 4 3 2 5 8 14 14 4 2 0 10 4 10 5 16 2 6 25 8 0 23 0 2 2 2 6 4 7 25 7 2 10 14 
Time cost: 4.321476936340332s

Result: 40519
Status of facilities: 1 1 1 0 1 1 1 1 1 1 0 1 1 1 0 0 1 0 0 0 0 0 1 1 1 0 0 0 0 1 
The assignment of customers to facilities: 7 6 2 22 2 12 2 0 22 0 4 6 13 1 6 7 1 8 22 0 11 16 5 24 23 11 24 6 29 2 6 4 4 16 24 6 8 8 24 16 7 9 6 4 8 4 13 2 6 9 24 16 24 16 8 12 11 9 22 7 29 0 7 8 13 11 5 0 6 12 7 12 6 9 23 23 8 23 8 16 23 0 9 7 29 13 6 5 24 7 11 6 7 11 2 13 11 12 0 11 0 16 12 7 4 0 4 24 22 13 6 4 22 12 12 8 11 7 0 8 9 11 0 6 9 16 2 11 4 0 11 24 11 8 1 9 1 13 11 23 12 22 11 11 11 5 24 16 22 11 24 0 23 0 8 11 2 16 13 13 13 0 23 24 5 24 5 4 1 2 1 8 6 8 4 2 0 23 29 23 5 16 2 6 12 8 11 23 0 2 2 2 6 4 7 12 7 2 23 6 
Time cost: 4.278073787689209s

Result: 38868
Status of facilities: 1 0 1 1 1 1 1 1 1 1 0 0 0 1 0 0 1 0 0 1 0 0 1 0 0 1 1 0 1 0 
The assignment of customers to facilities: 7 19 2 22 2 6 2 28 22 28 4 28 13 13 28 7 3 8 22 0 7 16 5 0 13 7 22 19 4 2 19 19 4 16 0 6 8 8 16 16 7 9 6 4 8 19 13 2 19 19 0 16 2 16 8 6 25 9 22 7 4 0 7 8 13 25 5 19 19 25 7 6 19 9 5 13 8 5 8 16 13 0 9 25 4 13 6 5 22 7 28 6 25 25 2 3 28 6 0 28 28 16 25 7 4 0 4 16 22 3 19 4 22 6 6 8 28 7 0 8 26 25 28 19 26 16 2 28 26 0 28 16 25 8 5 9 3 3 28 13 6 22 6 25 25 5 16 16 22 25 0 0 5 0 8 25 2 16 3 13 13 0 13 2 5 0 5 4 3 2 5 8 19 8 26 2 0 13 4 13 5 16 2 19 25 8 28 13 0 2 2 2 6 4 7 6 7 2 13 19 
Time cost: 4.328920364379883s

Result: 39040
Status of facilities: 1 0 1 1 1 1 1 1 1 0 1 0 1 0 0 0 1 1 0 0 1 0 1 0 0 0 1 1 1 0 
The assignment of customers to facilities: 7 6 2 27 2 12 2 27 22 28 4 28 10 3 28 7 3 20 22 0 27 16 5 0 10 27 27 17 4 2 6 26 4 16 27 6 20 8 16 16 7 8 6 4 8 26 3 2 6 20 0 16 2 16 8 6 7 8 22 7 4 0 7 8 3 12 5 17 28 12 7 12 6 8 5 10 20 5 8 16 10 0 26 7 4 10 6 5 27 7 28 6 7 7 2 3 28 6 0 28 28 16 12 7 4 0 4 27 22 3 26 4 27 12 12 8 28 7 17 8 26 12 17 6 26 16 2 12 26 17 28 16 12 20 5 8 3 3 28 10 12 22 12 12 7 5 16 16 27 7 27 17 10 0 8 28 2 16 3 3 3 27 10 2 5 27 5 4 3 2 5 20 28 10 26 2 0 10 4 10 5 16 2 6 12 8 28 10 0 2 2 2 6 4 7 12 7 2 10 6 
Time cost: 4.2870192527771s

