Begin: 89296

Result: 31182
Status of facilities: 1 0 1 0 1 1 1 1 1 1 0 0 0 1 0 0 1 1 0 0 1 0 0 1 1 0 0 1 1 1 
The assignment of customers to facilities: 7 6 2 27 2 6 2 27 27 17 4 28 13 13 28 7 13 20 27 0 27 16 5 24 23 27 27 17 29 2 6 4 4 16 27 6 20 8 24 16 7 9 6 4 8 4 13 2 28 20 24 16 24 16 8 4 7 9 27 7 29 0 7 8 13 7 5 17 28 7 7 28 6 9 23 23 20 23 8 16 23 0 9 7 29 13 6 5 27 7 28 6 7 7 2 13 28 6 0 28 17 16 7 7 4 0 4 24 27 13 4 29 27 6 28 8 17 7 17 8 9 7 17 6 9 16 2 28 4 17 28 24 7 20 23 9 13 13 28 20 6 27 28 7 7 5 24 16 27 7 24 17 23 0 8 27 2 16 13 13 13 27 23 24 5 27 5 4 13 2 5 20 28 20 9 2 0 20 29 20 5 16 2 6 7 8 28 23 0 24 2 2 6 4 7 6 7 2 23 28 
Time cost: 4.5114665031433105s

Result: 31272
Status of facilities: 1 0 1 1 1 1 1 1 1 1 1 0 0 0 0 0 1 1 1 0 1 0 0 1 1 1 0 0 1 1 
The assignment of customers to facilities: 18 6 2 24 2 6 2 28 18 17 4 28 10 3 28 18 3 20 24 0 18 16 5 24 10 18 24 17 29 2 6 4 4 16 28 6 20 8 24 16 18 9 6 4 8 4 3 2 6 20 24 16 24 16 8 6 25 9 18 25 29 0 7 8 3 25 5 17 17 25 18 6 4 9 23 23 20 23 8 16 10 0 9 25 29 10 6 5 24 7 28 6 25 25 2 3 28 6 0 28 17 16 25 18 4 0 4 24 16 3 6 29 18 6 6 8 28 7 17 8 9 25 17 4 9 16 2 28 4 17 28 24 25 20 23 9 3 3 28 10 25 18 28 25 25 5 24 16 18 25 24 17 23 0 8 28 2 16 3 3 3 0 10 24 5 24 5 29 3 2 5 20 28 10 4 2 0 10 29 10 5 16 2 6 25 8 28 23 0 2 2 2 6 4 7 25 7 2 10 6 
Time cost: 4.386636018753052s

Result: 31010
Status of facilities: 1 0 1 1 1 1 1 1 1 1 0 0 0 1 0 0 0 1 1 0 0 0 0 1 1 1 0 0 1 1 
The assignment of customers to facilities: 18 6 2 18 2 6 2 28 18 17 4 28 13 13 28 18 3 13 18 0 18 24 5 24 23 18 24 17 29 2 6 4 4 24 18 6 8 8 24 24 18 9 6 4 8 4 13 2 6 17 24 24 2 24 8 6 7 9 18 7 29 0 7 8 13 25 5 17 6 25 7 6 6 9 23 23 8 23 8 24 23 0 9 25 29 13 4 5 18 7 28 6 25 25 0 3 28 28 0 28 28 2 25 18 4 0 4 24 24 3 6 4 18 6 25 8 28 7 17 8 9 25 17 4 9 24 2 28 9 17 28 24 25 8 23 9 3 3 28 17 25 18 28 25 25 5 24 2 18 25 24 17 23 0 8 25 2 5 3 13 13 0 23 2 5 0 5 4 3 2 5 8 28 17 4 2 0 23 29 23 5 5 2 6 25 8 28 23 0 24 2 2 6 4 7 25 7 2 23 6 
Time cost: 4.433793306350708s

Result: 32160
Status of facilities: 1 0 1 1 1 1 1 1 1 1 1 0 0 1 1 0 0 1 1 0 0 0 0 1 1 0 0 0 1 1 
The assignment of customers to facilities: 18 6 2 24 2 7 2 28 18 17 4 28 13 13 28 18 3 10 18 0 18 24 5 24 10 18 24 14 29 2 6 4 4 24 28 6 8 8 24 24 18 9 6 4 8 14 13 2 14 14 24 24 24 24 8 6 7 9 18 7 29 0 7 8 13 7 5 14 17 7 18 6 4 9 23 23 10 23 8 24 10 0 9 7 29 13 6 5 24 7 28 6 7 7 0 3 28 17 0 28 17 2 7 18 4 0 4 24 18 3 14 29 18 6 6 8 28 7 17 8 9 7 17 4 9 24 2 28 4 17 28 24 7 10 23 9 3 3 28 10 6 18 28 7 7 5 24 2 18 7 0 17 23 0 8 28 2 2 3 13 13 0 10 24 5 0 5 4 3 2 5 8 28 14 4 2 0 10 29 10 5 2 2 6 6 8 28 23 0 2 2 2 6 4 7 6 7 2 10 6 
Time cost: 4.355871677398682s

Result: 30898
Status of facilities: 1 0 1 1 1 1 1 1 1 1 0 0 0 1 0 0 1 1 1 0 0 0 0 1 0 1 0 0 1 1 
The assignment of customers to facilities: 18 6 2 18 2 6 2 28 18 28 29 28 13 13 28 18 3 13 16 0 18 16 5 0 23 18 18 17 29 2 4 4 4 16 28 6 8 8 16 16 18 9 6 4 8 4 13 2 28 17 0 16 2 16 8 6 25 9 18 7 29 0 7 8 13 25 5 17 17 25 18 6 6 9 23 23 8 23 8 16 23 0 9 25 29 13 6 5 18 7 28 6 25 25 2 3 28 25 0 28 17 16 25 18 4 0 4 16 16 3 4 4 18 6 6 8 28 7 17 8 9 25 17 6 9 16 2 25 4 17 28 16 25 8 23 9 3 3 28 17 6 18 28 25 25 5 16 16 18 25 0 17 23 0 8 28 2 16 3 13 13 0 23 2 5 0 5 4 3 2 5 8 28 17 4 2 0 23 29 23 5 16 2 6 25 8 28 23 0 2 2 2 6 4 7 25 7 2 23 6 
Time cost: 4.407032489776611s

Result: 30977
Status of facilities: 1 0 1 1 1 1 1 1 1 1 1 0 0 1 0 0 0 1 1 1 0 0 0 1 1 1 0 0 1 0 
The assignment of customers to facilities: 18 19 2 24 2 6 24 0 18 28 4 28 13 13 28 18 3 10 18 0 18 24 5 24 10 18 24 19 4 2 19 19 4 24 18 6 8 8 24 24 18 9 6 4 8 19 13 2 19 10 24 24 2 24 8 6 25 9 18 7 4 0 7 8 13 25 5 17 28 25 18 6 19 9 23 23 10 23 8 24 10 0 9 25 4 13 6 5 24 7 28 6 25 25 0 3 28 6 0 28 28 2 25 18 4 0 4 24 18 3 19 4 28 6 6 8 28 7 17 8 9 25 17 19 9 24 2 6 19 17 28 24 25 10 23 9 3 3 28 10 6 18 28 25 25 5 24 2 18 25 24 17 23 0 8 25 2 2 3 13 13 0 10 0 5 0 5 4 3 2 5 8 19 10 4 2 0 10 4 10 5 2 2 19 25 8 28 23 0 2 2 2 6 4 7 6 7 2 10 19 
Time cost: 4.352255344390869s

Result: 31231
Status of facilities: 1 0 1 1 1 1 1 1 1 1 0 0 0 0 0 0 0 1 0 1 1 0 0 1 1 1 0 0 1 1 
The assignment of customers to facilities: 7 19 2 24 2 25 2 28 24 28 4 17 20 3 28 7 3 20 0 0 7 24 5 24 23 7 24 19 29 2 19 19 4 24 28 6 20 8 0 24 7 9 6 4 8 19 3 2 19 20 24 24 0 24 8 6 25 9 7 25 29 0 7 8 3 25 5 17 19 25 7 6 19 9 23 23 20 23 8 24 23 0 9 25 29 20 6 5 24 7 28 6 25 25 2 3 28 6 0 28 28 2 25 7 4 0 4 24 24 3 19 4 0 6 6 8 28 7 17 8 9 25 17 19 9 24 2 6 19 17 28 24 25 20 23 9 3 3 28 20 6 0 28 25 25 5 24 2 0 25 24 17 23 0 8 28 2 24 3 3 3 0 23 0 5 0 5 4 3 2 5 20 19 20 4 2 0 20 29 20 5 2 2 19 6 8 28 23 0 2 2 2 6 4 7 6 7 2 23 19 
Time cost: 4.392719745635986s

Result: 30495
Status of facilities: 1 0 1 1 1 1 1 1 1 1 1 0 0 0 0 0 0 1 1 0 0 0 0 1 1 1 0 0 1 1 
The assignment of customers to facilities: 18 6 2 24 2 25 2 28 18 28 4 28 10 3 28 18 3 10 24 0 18 24 5 24 10 18 24 17 29 2 6 4 4 24 18 6 8 8 24 24 18 9 6 4 8 29 3 24 6 10 24 24 2 24 8 6 25 9 18 7 29 0 7 8 3 25 5 17 28 25 18 6 6 9 23 23 10 23 8 24 10 0 9 25 29 10 4 5 24 7 28 6 25 25 0 3 28 6 0 28 17 2 25 18 4 0 4 24 18 3 4 29 18 6 25 8 28 7 17 8 9 25 17 4 9 24 2 25 4 17 28 24 25 10 23 9 3 3 28 10 6 18 28 25 25 5 24 2 18 25 0 17 23 0 8 28 2 2 3 3 3 0 10 0 5 0 5 4 3 2 5 8 17 10 4 2 0 10 29 10 5 2 2 28 25 8 28 23 0 2 2 2 6 4 7 6 7 2 10 6 
Time cost: 4.436633110046387s

Result: 30478
Status of facilities: 1 0 1 1 1 1 1 1 1 1 0 0 0 1 0 0 0 1 1 1 0 0 0 1 1 1 0 0 1 0 
The assignment of customers to facilities: 18 19 2 24 2 6 2 28 18 28 4 28 13 13 28 18 3 13 24 0 18 24 5 24 23 18 24 19 4 2 19 19 4 24 18 6 8 8 24 24 18 9 6 4 8 19 13 2 19 17 24 24 24 2 8 6 25 9 18 25 4 0 7 8 13 25 5 17 19 25 7 6 19 9 23 23 8 23 8 24 23 0 9 25 4 13 6 5 24 7 28 6 25 25 0 3 28 6 0 28 28 2 25 18 4 0 4 24 18 3 19 4 18 6 6 8 28 7 17 8 9 25 17 19 9 24 2 28 19 17 28 24 25 8 23 9 3 3 28 17 6 18 6 25 25 5 24 2 18 25 24 17 23 0 8 28 2 2 3 13 13 0 23 0 5 18 5 4 3 2 5 8 19 17 4 2 0 23 4 23 5 2 2 19 25 8 28 23 0 0 2 2 6 4 7 6 7 2 23 19 
Time cost: 4.365247011184692s

Result: 31215
Status of facilities: 1 1 1 1 1 0 1 1 1 0 0 0 0 0 1 0 0 1 0 0 0 0 0 1 1 1 1 0 1 1 
The assignment of customers to facilities: 7 6 2 24 2 6 2 28 7 17 4 28 8 1 6 7 1 8 0 0 7 24 23 24 23 7 24 14 29 2 6 26 4 24 24 6 8 8 24 24 7 8 6 4 8 26 3 2 14 14 24 24 0 24 8 6 25 8 7 25 29 0 7 8 3 25 23 14 28 25 7 25 6 8 23 23 8 23 8 24 23 0 26 25 29 23 6 0 24 7 28 6 25 25 2 3 28 25 0 28 28 2 25 7 4 0 4 24 24 3 14 4 0 6 6 8 28 7 17 8 26 25 17 4 26 24 0 28 26 17 28 24 25 8 1 8 3 3 28 14 6 24 28 25 25 2 2 2 0 25 24 17 23 0 8 28 2 2 3 3 1 0 14 0 23 0 23 4 3 2 1 8 28 14 26 2 0 14 29 14 2 2 2 6 25 8 17 23 0 0 2 2 6 4 7 6 7 2 23 6 
Time cost: 4.435806751251221s

Result: 31392
Status of facilities: 1 0 1 1 1 1 1 1 1 1 0 0 0 1 0 0 0 1 0 0 0 0 0 1 1 1 0 0 1 1 
The assignment of customers to facilities: 7 6 2 24 2 6 2 0 7 17 4 28 13 13 28 7 3 13 24 0 7 24 5 24 23 7 0 17 29 2 6 4 4 24 0 6 8 8 24 24 7 9 6 29 8 4 13 2 28 17 24 24 2 2 8 6 25 9 7 25 29 0 7 8 13 25 5 17 17 25 7 6 6 9 23 23 8 23 8 24 23 0 9 25 29 13 6 5 24 7 0 6 25 25 0 3 28 6 0 28 28 2 25 7 4 0 29 24 24 3 4 4 0 6 25 8 28 7 17 8 9 25 17 6 9 24 2 28 4 17 28 24 25 8 23 9 3 3 28 17 25 0 28 25 25 5 24 2 0 25 24 17 23 0 8 28 2 2 3 13 13 0 23 0 5 0 5 4 3 2 5 8 28 17 4 0 0 23 29 23 5 2 2 28 25 8 28 23 0 24 2 2 4 4 7 6 7 2 23 28 
Time cost: 4.52720832824707s

Result: 31660
Status of facilities: 1 1 1 1 1 1 1 1 1 1 0 0 0 0 0 0 0 1 1 0 0 0 0 1 1 1 0 0 1 1 
The assignment of customers to facilities: 18 28 2 24 2 25 2 0 18 28 4 28 23 1 28 18 1 8 18 0 18 24 5 24 23 18 24 28 29 2 6 4 4 24 18 6 8 8 24 24 18 9 6 4 8 4 3 2 6 17 24 24 2 24 8 6 18 9 7 25 29 0 7 8 3 25 5 17 28 25 7 6 6 9 23 23 8 5 8 24 23 0 9 25 29 23 4 5 18 7 17 6 25 25 2 3 28 28 0 28 28 2 25 18 4 0 4 24 18 3 4 29 18 6 25 8 17 7 17 8 9 25 17 6 9 24 2 6 4 17 28 2 25 8 1 9 3 3 28 17 25 18 25 25 25 5 24 2 18 25 24 17 23 0 8 28 2 2 3 3 1 0 23 24 5 0 5 4 3 2 1 8 28 17 4 2 0 23 29 23 5 2 0 6 25 8 28 23 0 24 2 2 6 4 7 6 7 2 23 6 
Time cost: 4.450242042541504s

Result: 31643
Status of facilities: 1 0 1 1 1 1 1 1 1 1 0 0 0 1 1 0 1 1 0 1 0 0 0 1 1 0 0 0 1 1 
The assignment of customers to facilities: 7 19 2 24 2 6 16 0 24 28 4 28 13 13 28 7 3 13 16 0 7 16 5 24 23 7 24 19 29 2 19 19 4 16 24 6 8 8 24 16 7 9 6 4 8 19 13 2 19 14 24 16 2 16 8 6 7 9 7 7 29 0 7 8 13 6 5 14 19 7 7 6 19 9 23 23 8 23 8 16 23 0 9 7 29 13 6 5 24 7 28 6 7 7 2 3 28 6 0 28 17 16 7 7 4 0 4 24 16 3 19 4 24 6 6 8 28 7 17 8 9 7 17 19 9 16 2 28 19 17 28 24 28 14 23 9 3 3 28 14 6 24 28 7 7 5 24 16 24 7 24 17 23 0 8 28 2 16 3 13 13 0 23 2 5 0 5 4 3 2 5 8 19 14 4 2 0 14 29 14 5 16 2 19 19 8 28 23 0 2 2 2 6 4 7 6 7 2 23 19 
Time cost: 4.347031593322754s

Result: 30181
Status of facilities: 1 0 1 1 1 1 1 1 1 0 1 0 1 0 1 0 1 1 0 0 0 0 0 1 1 1 0 0 1 1 
The assignment of customers to facilities: 7 6 2 24 2 12 2 28 16 28 4 28 10 3 28 7 3 10 16 0 7 16 5 24 10 7 24 14 29 2 6 4 4 16 28 6 8 8 24 16 7 8 6 4 8 4 3 2 14 14 24 16 2 16 8 6 25 8 7 25 29 0 7 8 3 25 5 14 6 25 7 12 6 8 23 23 10 23 8 16 10 0 8 25 29 10 6 5 24 7 28 6 25 25 2 3 28 6 0 28 28 16 25 7 4 0 4 24 16 3 14 4 24 12 12 8 28 7 17 8 14 25 17 6 4 16 2 12 4 17 28 24 25 10 23 8 3 3 28 10 12 24 12 25 25 5 24 16 24 25 24 17 23 0 8 28 2 16 3 3 3 0 10 24 5 0 5 4 3 2 5 8 28 14 4 2 0 10 29 10 5 16 2 6 12 8 28 23 0 2 2 2 6 4 7 12 7 2 10 6 
Time cost: 4.3497138023376465s

Result: 31867
Status of facilities: 1 0 1 1 1 1 1 1 1 1 0 0 1 1 1 0 0 1 0 0 0 0 0 1 1 1 0 0 1 1 
The assignment of customers to facilities: 7 6 2 24 2 12 2 28 24 28 4 28 13 13 28 7 3 13 0 0 7 24 5 24 23 7 24 14 29 2 6 4 4 24 0 6 8 8 24 2 7 9 6 4 8 4 13 2 14 14 24 24 24 24 8 6 25 9 7 25 29 0 7 8 13 25 5 14 28 25 7 12 6 9 23 23 8 23 8 24 23 0 9 25 29 13 6 5 24 7 28 6 25 25 2 3 28 6 0 28 28 2 25 7 4 0 4 0 24 3 14 4 0 12 12 8 28 7 17 8 9 25 17 6 9 24 2 12 4 17 28 24 25 14 23 9 3 3 28 14 12 0 12 25 25 5 24 5 0 25 24 17 23 0 8 28 2 2 3 13 13 0 23 2 5 0 5 4 3 2 5 8 14 14 4 2 0 14 29 14 5 2 0 6 12 8 28 23 0 2 2 2 6 4 7 12 7 2 23 6 
Time cost: 4.40343451499939s

Result: 31316
Status of facilities: 1 0 1 1 1 1 1 1 1 1 0 0 0 0 1 0 0 1 1 0 1 0 0 1 1 1 0 0 1 1 
The assignment of customers to facilities: 18 6 2 24 2 6 2 0 18 28 4 28 20 3 28 18 3 20 18 0 18 24 5 24 23 18 24 14 29 5 6 4 4 24 18 6 20 8 24 24 18 9 6 4 8 14 3 2 14 14 24 24 24 24 8 6 25 9 18 7 29 0 7 8 3 25 5 14 28 25 7 6 6 9 23 23 20 23 8 24 23 0 9 25 29 20 6 5 24 7 28 4 25 25 2 3 28 6 0 28 17 2 25 18 4 0 4 24 18 3 14 4 18 6 6 8 28 7 17 8 9 25 17 4 9 24 2 28 4 17 28 24 25 20 23 9 3 3 28 14 25 18 28 25 25 5 24 2 18 25 24 17 23 0 8 28 2 2 3 3 3 0 23 2 5 0 5 4 3 2 5 20 14 14 4 0 0 20 29 20 5 2 2 6 25 8 28 23 0 2 2 2 6 4 7 6 7 2 23 14 
Time cost: 4.366901397705078s

Result: 30374
Status of facilities: 1 0 1 1 1 1 1 1 1 1 0 0 0 0 0 0 1 1 0 1 1 0 0 1 1 1 0 0 1 0 
The assignment of customers to facilities: 7 19 2 24 2 6 2 28 16 28 4 28 20 3 28 7 3 20 16 0 7 16 5 24 23 7 24 19 4 2 19 19 4 16 28 6 20 8 24 16 7 9 6 4 8 19 3 2 19 20 24 16 2 16 8 6 25 9 7 7 4 0 7 8 3 25 5 17 28 25 7 6 19 9 23 23 20 23 8 16 23 0 9 25 4 20 19 5 24 7 28 6 25 25 2 3 28 6 0 28 17 16 25 7 4 0 4 24 16 3 19 4 24 6 25 8 28 7 17 8 9 25 17 19 9 16 2 6 19 17 28 24 25 20 23 9 3 3 28 20 6 24 6 25 25 5 24 16 24 25 24 17 23 0 8 28 2 16 3 3 3 0 23 24 5 0 5 4 3 2 5 20 19 20 4 2 0 20 4 20 5 16 2 19 25 8 28 23 0 2 2 2 6 4 7 6 7 2 23 19 
Time cost: 4.312715768814087s

Result: 32246
Status of facilities: 1 0 1 1 1 1 1 1 1 1 1 0 0 1 1 0 0 1 0 0 0 0 0 1 1 1 0 0 1 1 
The assignment of customers to facilities: 7 6 2 24 5 25 2 28 7 28 4 28 13 13 28 7 3 10 24 0 7 24 5 0 10 7 0 14 29 2 4 4 4 24 28 6 8 8 24 24 7 9 6 4 8 6 13 0 14 14 0 24 2 24 8 6 25 9 7 7 29 0 7 8 13 25 5 14 17 25 7 25 6 9 23 23 10 23 8 24 10 0 9 25 29 13 4 5 24 7 28 6 25 25 0 3 28 25 0 28 17 2 25 7 4 0 4 24 24 3 14 4 0 6 6 8 28 7 17 8 9 25 17 4 9 24 2 25 14 17 28 24 25 10 23 9 3 3 28 10 6 24 28 25 25 5 24 2 0 25 24 17 23 0 8 28 2 24 3 13 13 0 10 2 5 0 5 4 3 2 5 8 28 14 4 2 0 10 29 10 5 2 2 6 6 8 28 23 0 2 2 2 6 4 7 6 7 2 10 6 
Time cost: 4.447715759277344s

Result: 30836
Status of facilities: 1 0 1 1 1 1 1 1 1 1 0 0 0 1 0 0 0 0 1 1 1 0 0 1 1 1 0 0 1 0 
The assignment of customers to facilities: 18 19 2 24 2 6 2 28 18 28 4 28 13 13 28 18 3 20 18 0 18 24 5 24 23 18 24 19 4 2 19 19 4 24 28 6 20 8 24 24 18 9 6 4 8 19 13 2 19 20 24 24 24 24 8 6 25 9 18 7 4 0 7 8 13 25 5 19 19 25 18 6 19 9 23 23 20 23 8 24 23 0 9 25 4 13 6 5 24 7 28 6 25 25 2 3 28 6 0 28 28 5 25 18 4 0 4 24 18 3 19 4 18 6 6 8 28 7 0 8 9 25 0 19 9 24 2 25 19 0 28 24 25 20 23 9 3 3 28 20 6 18 28 25 25 5 24 2 18 25 0 0 23 0 8 28 2 2 3 13 13 0 23 2 5 0 5 4 3 2 5 20 19 20 4 2 0 20 4 20 5 2 2 19 25 8 6 23 0 24 2 2 6 4 7 6 7 2 23 19 
Time cost: 4.9904539585113525s

Result: 31206
Status of facilities: 1 0 1 1 1 1 1 1 1 1 1 0 1 0 1 0 0 1 1 0 0 0 0 1 1 0 0 0 1 1 
The assignment of customers to facilities: 18 6 2 24 5 12 2 0 18 28 4 28 10 3 28 18 3 10 24 0 18 24 5 24 10 18 24 14 29 5 6 4 4 24 28 6 8 8 24 2 18 9 6 4 8 4 3 2 14 14 24 24 2 2 8 6 18 9 18 7 29 0 7 8 3 12 5 14 28 12 18 12 6 9 23 23 10 23 8 24 10 0 9 7 29 10 6 5 24 7 28 6 7 7 2 3 28 6 0 28 28 2 12 18 4 0 4 24 18 3 14 4 18 12 12 8 28 7 17 8 9 12 17 6 9 24 2 12 4 17 28 24 12 10 23 9 3 3 28 10 12 18 12 12 7 5 24 2 18 7 24 17 23 0 8 28 2 24 3 3 3 0 10 0 5 0 5 4 3 2 5 8 28 14 4 2 0 10 29 10 5 2 2 6 12 8 28 23 0 24 2 2 6 4 7 12 7 2 10 6 
Time cost: 4.512258291244507s

Result: 30786
Status of facilities: 1 0 1 1 1 1 1 1 1 1 1 0 0 0 0 0 1 1 0 0 0 0 0 1 1 1 0 0 1 1 
The assignment of customers to facilities: 7 6 2 24 2 7 2 28 24 28 4 28 10 3 28 7 3 10 16 0 7 16 5 24 10 7 24 17 29 2 4 4 4 16 28 6 8 8 24 16 7 9 6 4 8 4 3 2 6 10 24 16 24 16 8 6 25 9 7 7 29 0 7 8 3 25 5 17 28 25 7 6 6 9 23 23 10 23 8 16 10 0 9 25 29 10 6 5 24 7 28 6 25 25 2 3 28 25 0 28 28 16 25 7 4 0 29 24 16 3 6 4 0 6 6 8 28 7 17 8 9 25 17 6 9 16 2 25 4 17 28 24 25 10 23 9 3 3 28 10 25 24 28 25 25 5 24 16 24 25 24 17 23 0 8 17 2 16 3 3 3 0 10 2 5 0 5 4 3 2 5 8 28 10 4 2 0 10 29 10 5 16 2 6 25 8 17 23 0 2 2 2 6 4 7 6 7 2 10 28 
Time cost: 4.75096583366394s

Result: 30373
Status of facilities: 1 0 1 1 1 1 1 1 1 1 1 0 0 0 0 0 1 1 1 0 0 0 0 1 1 1 0 0 1 1 
The assignment of customers to facilities: 18 6 2 24 2 25 2 0 18 28 4 28 10 3 17 18 3 10 24 0 18 16 5 24 10 18 24 17 29 2 6 4 4 16 18 6 8 8 24 16 18 9 6 4 8 4 3 2 6 10 24 16 24 16 8 6 25 9 18 7 29 0 7 8 3 25 5 17 28 25 18 25 6 9 23 23 10 23 8 16 10 0 9 25 29 10 6 5 24 7 28 6 25 25 2 3 28 6 0 28 28 16 25 18 4 0 4 24 16 3 17 29 18 6 6 8 28 7 17 8 9 25 17 4 9 16 2 28 4 17 28 24 25 10 23 9 3 3 28 10 25 18 6 25 25 5 24 16 18 25 24 17 23 0 8 28 2 16 3 3 3 0 10 24 5 24 5 4 3 2 5 8 28 10 4 2 0 10 29 10 5 16 2 6 25 8 28 23 0 2 2 2 6 4 7 6 7 2 10 6 
Time cost: 4.448316812515259s

Result: 29979
Status of facilities: 1 0 1 1 1 1 1 1 1 0 0 0 0 1 1 0 0 1 1 1 0 0 0 1 1 1 0 0 1 0 
The assignment of customers to facilities: 18 19 2 24 2 6 2 0 18 28 4 28 13 13 28 18 3 13 18 0 18 24 5 24 23 18 24 19 4 5 19 19 4 24 18 6 8 8 24 2 18 8 6 4 8 19 13 2 19 14 24 24 0 24 8 6 25 8 18 25 4 0 7 8 13 25 5 14 19 25 18 6 19 8 23 23 8 23 8 24 23 0 8 25 4 13 6 5 24 7 28 6 25 25 0 3 28 6 0 28 28 2 25 18 4 0 4 24 24 3 19 4 18 6 25 8 28 7 17 8 14 25 17 19 4 24 2 28 19 17 28 24 25 14 23 8 3 3 28 14 6 18 28 25 25 5 24 2 18 25 24 17 23 0 8 28 2 2 3 13 13 0 23 24 5 0 5 4 3 2 5 8 19 14 4 2 0 14 4 14 5 2 2 19 6 8 28 23 0 2 2 2 6 4 7 6 7 2 23 19 
Time cost: 4.825865030288696s

Result: 31706
Status of facilities: 1 0 1 1 1 1 1 1 1 1 1 0 0 1 0 0 0 1 1 0 1 0 0 0 1 1 0 0 1 1 
The assignment of customers to facilities: 18 6 2 24 2 25 2 28 18 28 4 28 13 13 28 18 3 20 18 0 18 24 5 24 10 18 24 17 29 2 6 6 4 24 0 6 20 8 0 2 18 9 6 29 8 4 13 2 6 20 24 24 24 24 8 6 25 9 18 25 29 0 7 8 13 25 5 17 28 25 18 6 4 9 5 13 20 5 8 24 10 0 9 25 29 13 6 5 24 7 28 6 25 25 0 3 28 6 0 28 17 2 25 18 4 0 4 24 18 3 4 4 18 6 6 8 17 7 17 8 9 25 17 4 9 24 2 28 4 17 28 24 25 20 5 9 3 3 28 10 6 18 28 25 25 5 24 2 18 25 24 17 10 0 8 28 2 24 3 13 13 0 10 2 5 0 5 29 3 2 5 20 28 10 4 2 0 10 29 10 5 2 2 6 25 8 28 10 0 24 2 2 6 4 7 25 7 2 10 6 
Time cost: 4.6167566776275635s

Result: 31863
Status of facilities: 1 0 1 1 1 1 1 1 1 1 1 0 0 0 1 0 0 1 1 0 1 0 0 1 1 1 0 0 1 0 
The assignment of customers to facilities: 18 6 2 24 2 6 2 28 18 17 4 28 10 3 28 18 3 20 24 0 18 24 5 24 10 18 24 14 4 2 6 4 4 24 18 6 20 8 0 2 18 9 6 4 8 14 3 2 14 14 24 24 24 24 8 6 25 9 18 7 4 0 7 8 3 25 5 14 28 25 7 25 6 9 23 23 20 23 8 24 10 0 9 25 9 10 6 5 24 7 28 6 25 25 2 3 28 6 0 28 28 2 25 18 4 0 4 24 18 3 14 4 18 6 6 8 28 7 17 8 9 25 17 14 9 24 2 25 14 17 28 24 25 20 23 9 3 3 28 10 25 18 28 25 25 5 24 2 18 25 0 17 23 0 8 28 2 2 3 3 3 0 10 24 5 18 5 4 3 2 5 20 14 14 4 2 0 10 4 10 5 2 2 6 25 8 28 23 0 24 2 2 6 4 7 6 7 5 10 6 
Time cost: 4.498577117919922s

Result: 30961
Status of facilities: 1 0 1 1 1 1 1 1 1 1 1 0 0 0 0 0 0 1 1 1 0 0 0 1 1 0 0 0 1 1 
The assignment of customers to facilities: 18 19 2 24 2 6 2 28 18 17 4 28 10 3 28 18 3 10 18 0 18 24 5 0 10 18 24 19 29 2 19 19 4 24 18 6 8 8 24 24 18 9 6 4 8 19 3 2 19 10 24 24 2 24 8 6 18 9 18 7 29 0 7 8 3 7 5 17 28 7 7 6 19 9 23 23 10 23 8 24 10 0 9 7 29 10 6 5 24 7 28 6 7 7 0 3 28 6 0 28 28 2 7 18 4 0 4 24 24 3 19 4 18 6 6 8 28 7 17 8 9 18 17 19 9 24 5 28 19 17 28 24 7 10 23 9 3 3 28 10 6 18 6 7 7 5 24 2 18 7 24 17 23 0 8 28 2 2 3 3 3 0 10 24 5 0 5 4 3 2 5 8 19 10 4 2 0 10 29 10 5 2 2 19 19 8 28 23 0 2 2 2 6 4 7 6 7 2 10 19 
Time cost: 4.389546632766724s

Result: 31123
Status of facilities: 1 0 1 1 1 1 1 1 1 1 1 0 0 0 0 0 1 1 1 0 1 0 0 1 1 1 0 0 1 0 
The assignment of customers to facilities: 18 6 2 24 2 25 2 28 18 28 4 28 10 3 28 18 3 20 24 0 18 16 5 24 10 18 24 17 4 2 6 4 4 16 18 6 20 8 24 16 18 9 6 4 8 4 3 2 6 20 24 16 24 16 8 6 25 9 18 7 4 0 7 8 3 25 5 17 28 25 18 25 6 9 23 23 20 23 8 16 10 0 9 25 9 10 4 5 24 7 28 6 25 25 2 3 28 6 0 28 17 16 25 18 4 0 4 24 16 3 17 4 18 6 6 8 28 7 17 8 9 25 17 6 9 16 2 28 9 17 28 24 25 20 23 9 3 3 28 10 25 18 28 25 25 5 24 16 18 25 24 17 23 0 8 18 2 16 3 3 3 0 10 24 5 24 5 4 3 2 5 20 28 10 9 2 0 10 4 10 5 16 2 6 6 8 28 23 0 2 2 2 6 4 7 25 7 2 10 6 
Time cost: 4.734001874923706s

Result: 32758
Status of facilities: 1 0 1 1 1 1 1 1 1 1 1 0 0 0 1 0 0 1 1 0 1 0 0 1 1 0 0 0 1 1 
The assignment of customers to facilities: 18 6 2 24 2 7 2 28 18 17 29 28 10 3 28 18 3 20 24 0 18 24 5 24 10 18 24 14 29 2 6 4 4 24 18 6 20 8 24 24 18 9 6 4 8 4 3 2 14 14 24 24 24 2 8 6 18 9 18 7 29 0 7 8 3 7 5 14 28 7 18 6 4 9 23 23 20 23 8 24 10 0 9 7 29 10 6 5 24 7 28 6 7 7 2 3 28 6 0 28 28 2 7 7 4 0 4 24 24 3 14 4 18 6 6 8 28 7 17 8 9 18 17 4 9 24 2 7 14 17 28 24 7 20 23 9 3 3 28 10 6 18 28 7 7 5 0 2 18 7 24 17 23 0 8 28 2 2 3 3 3 0 10 0 5 18 5 29 3 0 5 20 14 14 4 2 0 10 29 10 5 2 2 6 6 8 28 23 0 0 2 2 6 4 7 4 7 2 10 6 
Time cost: 4.6581785678863525s

Result: 31427
Status of facilities: 1 0 1 1 1 1 1 1 1 1 0 0 0 1 1 0 0 0 1 1 0 0 0 1 1 0 0 0 1 1 
The assignment of customers to facilities: 18 19 2 24 2 6 2 28 18 28 4 28 13 13 28 18 3 13 24 0 18 24 5 24 23 18 24 19 29 2 19 19 4 24 28 6 8 8 24 2 18 9 6 4 8 19 13 2 19 14 24 24 2 24 8 6 18 9 18 7 29 0 7 8 13 7 5 14 19 7 18 6 19 9 23 23 8 23 8 24 23 0 9 7 29 13 19 5 24 7 28 6 7 7 0 3 28 6 0 28 28 2 7 18 4 0 4 24 24 3 19 4 18 6 6 8 28 7 14 8 9 18 28 19 9 24 5 19 19 0 28 24 7 8 23 9 3 3 28 14 6 18 28 7 7 5 24 2 18 7 24 0 23 0 8 19 2 2 3 13 13 0 23 0 5 0 5 4 3 2 5 8 19 14 4 2 0 14 29 14 5 2 2 19 6 8 28 23 0 0 2 2 6 4 7 6 7 2 23 19 
Time cost: 4.536639451980591s

Result: 31569
Status of facilities: 1 0 1 1 1 1 1 1 1 1 0 0 0 1 0 0 0 1 1 0 0 0 0 1 1 1 1 0 1 1 
The assignment of customers to facilities: 18 6 2 24 2 6 2 0 18 28 4 28 13 13 28 18 3 13 24 0 18 24 5 24 23 18 24 17 29 2 6 26 4 24 18 6 8 8 0 2 18 9 6 4 8 26 13 2 28 17 24 24 24 24 8 6 25 9 18 25 29 0 7 8 13 25 5 17 28 25 18 6 6 9 23 23 8 23 8 24 23 0 9 25 29 13 4 5 24 7 28 6 25 25 2 3 28 6 0 28 17 2 25 18 4 0 4 24 24 3 26 4 18 6 25 8 28 7 17 8 26 25 17 4 26 24 2 25 26 17 28 24 25 8 23 9 3 3 28 17 25 18 28 25 25 5 24 5 18 25 0 17 23 0 8 28 2 2 3 13 13 0 23 24 5 18 5 4 3 2 5 8 28 17 26 2 0 23 29 23 5 2 2 6 25 8 28 23 0 2 2 2 6 4 7 6 7 2 23 6 
Time cost: 4.497423887252808s

