p1:
Result: 9440
Status of facilities: 1 1 1 1 1 1 1 1 1 1 
The assignment of customers to facilities: 8 8 1 6 3 8 2 4 4 1 9 0 3 2 0 3 4 0 9 7 3 4 6 4 2 5 1 5 0 5 2 6 0 3 9 4 4 3 0 4 1 8 1 5 7 0 4 0 4 3 
Time cost: 0.0009753704071044922s

p2:
Result: 8126
Status of facilities: 1 1 1 1 1 1 1 1 1 1 
The assignment of customers to facilities: 8 8 1 6 3 8 2 4 4 1 9 0 3 2 0 3 4 0 9 7 3 4 6 4 2 5 1 5 0 5 2 6 0 3 9 4 4 3 0 4 1 8 1 5 7 0 4 0 4 3 
Time cost: 0.0009756088256835938s

p3:
Result: 10126
Status of facilities: 1 1 1 1 1 1 1 1 1 1 
The assignment of customers to facilities: 8 8 1 6 3 8 2 4 4 1 9 0 3 2 0 3 4 0 9 7 3 4 6 4 2 5 1 5 0 5 2 6 0 3 9 4 4 3 0 4 1 8 1 5 7 0 4 0 4 3 
Time cost: 0.0009753704071044922s

p4:
Result: 12126
Status of facilities: 1 1 1 1 1 1 1 1 1 1 
The assignment of customers to facilities: 8 8 1 6 3 8 2 4 4 1 9 0 3 2 0 3 4 0 9 7 3 4 6 4 2 5 1 5 0 5 2 6 0 3 9 4 4 3 0 4 1 8 1 5 7 0 4 0 4 3 
Time cost: 0.0s

p5:
Result: 9375
Status of facilities: 1 1 1 1 1 1 1 1 1 1 
The assignment of customers to facilities: 8 8 1 6 3 8 2 4 4 1 9 8 3 2 8 3 4 0 9 7 3 8 6 4 2 5 1 5 0 5 2 6 0 3 9 4 4 3 0 4 1 8 1 5 7 0 2 0 7 1 
Time cost: 0.0s

p6:
Result: 8061
Status of facilities: 1 1 1 1 1 1 1 1 1 1 
The assignment of customers to facilities: 8 8 1 6 3 8 2 4 4 1 9 8 3 2 8 3 4 0 9 7 3 8 6 4 2 5 1 5 0 5 2 6 0 3 9 4 4 3 0 4 1 8 1 5 7 0 2 0 7 1 
Time cost: 0.0009763240814208984s

p7:
Result: 10061
Status of facilities: 1 1 1 1 1 1 1 1 1 1 
The assignment of customers to facilities: 8 8 1 6 3 8 2 4 4 1 9 8 3 2 8 3 4 0 9 7 3 8 6 4 2 5 1 5 0 5 2 6 0 3 9 4 4 3 0 4 1 8 1 5 7 0 2 0 7 1 
Time cost: 0.0009753704071044922s

p8:
Result: 12061
Status of facilities: 1 1 1 1 1 1 1 1 1 1 
The assignment of customers to facilities: 8 8 1 6 3 8 2 4 4 1 9 8 3 2 8 3 4 0 9 7 3 8 6 4 2 5 1 5 0 5 2 6 0 3 9 4 4 3 0 4 1 8 1 5 7 0 2 0 7 1 
Time cost: 0.0009758472442626953s

p9:
Result: 9040
Status of facilities: 1 1 1 1 1 1 1 1 1 1 
The assignment of customers to facilities: 8 8 1 6 3 8 2 4 4 1 9 8 3 2 8 3 4 0 9 7 3 8 6 4 2 5 1 5 0 5 2 6 0 3 9 4 4 3 0 4 1 8 1 5 7 0 4 0 4 0 
Time cost: 0.0009765625s

p10:
Result: 7726
Status of facilities: 1 1 1 1 1 1 1 1 1 1 
The assignment of customers to facilities: 8 8 1 6 3 8 2 4 4 1 9 8 3 2 8 3 4 0 9 7 3 8 6 4 2 5 1 5 0 5 2 6 0 3 9 4 4 3 0 4 1 8 1 5 7 0 4 0 4 0 
Time cost: 0.0s

p11:
Result: 9726
Status of facilities: 1 1 1 1 1 1 1 1 1 1 
The assignment of customers to facilities: 8 8 1 6 3 8 2 4 4 1 9 8 3 2 8 3 4 0 9 7 3 8 6 4 2 5 1 5 0 5 2 6 0 3 9 4 4 3 0 4 1 8 1 5 7 0 4 0 4 0 
Time cost: 0.0s

p12:
Result: 11726
Status of facilities: 1 1 1 1 1 1 1 1 1 1 
The assignment of customers to facilities: 8 8 1 6 3 8 2 4 4 1 9 8 3 2 8 3 4 0 9 7 3 8 6 4 2 5 1 5 0 5 2 6 0 3 9 4 4 3 0 4 1 8 1 5 7 0 4 0 4 0 
Time cost: 0.0s

p13:
Result: 12032
Status of facilities: 1 1 1 1 1 1 1 1 1 1 1 1 1 1 1 1 1 1 1 1 
The assignment of customers to facilities: 16 12 10 10 1 18 17 13 14 17 15 4 1 6 13 3 15 10 4 9 12 15 15 19 6 17 16 17 1 17 13 7 2 16 3 10 11 19 19 13 6 0 5 0 8 5 14 10 19 9 
Time cost: 0.0009763240814208984s

p14:
Result: 9180
Status of facilities: 1 1 1 1 1 1 1 1 1 1 1 1 1 1 1 1 1 1 1 1 
The assignment of customers to facilities: 16 12 10 10 1 18 17 13 14 17 15 4 1 6 13 3 15 10 4 9 12 15 15 19 6 17 16 17 1 17 13 7 2 16 3 10 11 19 19 13 6 0 5 0 8 5 14 10 19 9 
Time cost: 0.0009753704071044922s

p15:
Result: 13180
Status of facilities: 1 1 1 1 1 1 1 1 1 1 1 1 1 1 1 1 1 1 1 1 
The assignment of customers to facilities: 16 12 10 10 1 18 17 13 14 17 15 4 1 6 13 3 15 10 4 9 12 15 15 19 6 17 16 17 1 17 13 7 2 16 3 10 11 19 19 13 6 0 5 0 8 5 14 10 19 9 
Time cost: 0.0009753704071044922s

p16:
Result: 17180
Status of facilities: 1 1 1 1 1 1 1 1 1 1 1 1 1 1 1 1 1 1 1 1 
The assignment of customers to facilities: 16 12 10 10 1 18 17 13 14 17 15 4 1 6 13 3 15 10 4 9 12 15 15 19 6 17 16 17 1 17 13 7 2 16 3 10 11 19 19 13 6 0 5 0 8 5 14 10 19 9 
Time cost: 0.0009763240814208984s

p17:
Result: 12032
Status of facilities: 1 1 1 1 1 1 1 1 1 1 1 1 1 1 1 1 1 1 1 1 
The assignment of customers to facilities: 16 12 10 10 1 18 17 13 14 17 15 4 1 6 13 3 15 10 4 9 12 15 15 19 6 17 16 17 1 17 13 7 2 16 3 10 11 19 19 13 6 0 5 0 8 5 14 10 19 9 
Time cost: 0.0009763240814208984s

p18:
Result: 9180
Status of facilities: 1 1 1 1 1 1 1 1 1 1 1 1 1 1 1 1 1 1 1 1 
The assignment of customers to facilities: 16 12 10 10 1 18 17 13 14 17 15 4 1 6 13 3 15 10 4 9 12 15 15 19 6 17 16 17 1 17 13 7 2 16 3 10 11 19 19 13 6 0 5 0 8 5 14 10 19 9 
Time cost: 0.0009758472442626953s

p19:
Result: 13180
Status of facilities: 1 1 1 1 1 1 1 1 1 1 1 1 1 1 1 1 1 1 1 1 
The assignment of customers to facilities: 16 12 10 10 1 18 17 13 14 17 15 4 1 6 13 3 15 10 4 9 12 15 15 19 6 17 16 17 1 17 13 7 2 16 3 10 11 19 19 13 6 0 5 0 8 5 14 10 19 9 
Time cost: 0.0009763240814208984s

p20:
Result: 17180
Status of facilities: 1 1 1 1 1 1 1 1 1 1 1 1 1 1 1 1 1 1 1 1 
The assignment of customers to facilities: 16 12 10 10 1 18 17 13 14 17 15 4 1 6 13 3 15 10 4 9 12 15 15 19 6 17 16 17 1 17 13 7 2 16 3 10 11 19 19 13 6 0 5 0 8 5 14 10 19 9 
Time cost: 0.0009758472442626953s

p21:
Result: 12032
Status of facilities: 1 1 1 1 1 1 1 1 1 1 1 1 1 1 1 1 1 1 1 1 
The assignment of customers to facilities: 16 12 10 10 1 18 17 13 14 17 15 4 1 6 13 3 15 10 4 9 12 15 15 19 6 17 16 17 1 17 13 7 2 16 3 10 11 19 19 13 6 0 5 0 8 5 14 10 19 9 
Time cost: 0.0009760856628417969s

p22:
Result: 9180
Status of facilities: 1 1 1 1 1 1 1 1 1 1 1 1 1 1 1 1 1 1 1 1 
The assignment of customers to facilities: 16 12 10 10 1 18 17 13 14 17 15 4 1 6 13 3 15 10 4 9 12 15 15 19 6 17 16 17 1 17 13 7 2 16 3 10 11 19 19 13 6 0 5 0 8 5 14 10 19 9 
Time cost: 0.0009758472442626953s

p23:
Result: 13180
Status of facilities: 1 1 1 1 1 1 1 1 1 1 1 1 1 1 1 1 1 1 1 1 
The assignment of customers to facilities: 16 12 10 10 1 18 17 13 14 17 15 4 1 6 13 3 15 10 4 9 12 15 15 19 6 17 16 17 1 17 13 7 2 16 3 10 11 19 19 13 6 0 5 0 8 5 14 10 19 9 
Time cost: 0.0009768009185791016s

p24:
Result: 17180
Status of facilities: 1 1 1 1 1 1 1 1 1 1 1 1 1 1 1 1 1 1 1 1 
The assignment of customers to facilities: 16 12 10 10 1 18 17 13 14 17 15 4 1 6 13 3 15 10 4 9 12 15 15 19 6 17 16 17 1 17 13 7 2 16 3 10 11 19 19 13 6 0 5 0 8 5 14 10 19 9 
Time cost: 0.0009758472442626953s

p25:
Result: 19197
Status of facilities: 1 1 1 1 1 1 1 1 1 1 0 1 1 1 1 1 1 1 0 1 1 1 1 0 1 1 1 1 1 1 
The assignment of customers to facilities: 20 11 13 2 20 5 2 9 14 17 22 16 8 20 3 14 14 17 5 11 2 0 5 3 5 8 19 24 5 24 5 25 6 25 20 20 24 15 0 14 0 14 15 8 24 14 0 13 27 8 29 14 14 5 13 20 17 11 0 14 0 5 20 11 11 11 9 0 5 9 20 6 11 17 24 8 26 20 14 24 20 7 13 17 17 17 17 4 20 5 2 24 17 11 17 5 2 2 21 16 8 17 14 25 2 29 7 11 14 28 14 1 2 11 11 21 24 24 24 24 5 8 25 13 16 0 5 9 0 12 0 11 24 5 8 14 7 5 20 0 0 8 20 14 8 25 25 5 2 5 
Time cost: 0.003903627395629883s

p26:
Result: 16131
Status of facilities: 1 1 1 1 1 1 1 1 1 1 0 1 1 1 1 1 1 1 0 1 1 1 1 0 1 1 1 1 1 1 
The assignment of customers to facilities: 20 11 13 2 20 5 2 9 14 17 22 16 8 20 3 14 14 17 5 11 2 0 5 3 5 8 19 24 5 24 5 25 6 25 20 20 24 15 0 14 0 14 15 8 24 14 0 13 27 8 29 14 14 5 13 20 17 11 0 14 0 5 20 11 11 11 9 0 5 9 20 6 11 17 24 8 26 20 14 24 20 7 13 17 17 17 17 4 20 5 2 24 17 11 17 5 2 2 21 16 8 17 14 25 2 29 7 11 14 28 14 1 2 11 11 21 24 24 24 24 5 8 25 13 16 0 5 9 0 12 0 11 24 5 8 14 7 5 20 0 0 8 20 14 8 25 25 5 2 5 
Time cost: 0.0039038658142089844s

p27:
Result: 21531
Status of facilities: 1 1 1 1 1 1 1 1 1 1 0 1 1 1 1 1 1 1 0 1 1 1 1 0 1 1 1 1 1 1 
The assignment of customers to facilities: 20 11 13 2 20 5 2 9 14 17 22 16 8 20 3 14 14 17 5 11 2 0 5 3 5 8 19 24 5 24 5 25 6 25 20 20 24 15 0 14 0 14 15 8 24 14 0 13 27 8 29 14 14 5 13 20 17 11 0 14 0 5 20 11 11 11 9 0 5 9 20 6 11 17 24 8 26 20 14 24 20 7 13 17 17 17 17 4 20 5 2 24 17 11 17 5 2 2 21 16 8 17 14 25 2 29 7 11 14 28 14 1 2 11 11 21 24 24 24 24 5 8 25 13 16 0 5 9 0 12 0 11 24 5 8 14 7 5 20 0 0 8 20 14 8 25 25 5 2 5 
Time cost: 0.0039038658142089844s

p28:
Result: 26931
Status of facilities: 1 1 1 1 1 1 1 1 1 1 0 1 1 1 1 1 1 1 0 1 1 1 1 0 1 1 1 1 1 1 
The assignment of customers to facilities: 20 11 13 2 20 5 2 9 14 17 22 16 8 20 3 14 14 17 5 11 2 0 5 3 5 8 19 24 5 24 5 25 6 25 20 20 24 15 0 14 0 14 15 8 24 14 0 13 27 8 29 14 14 5 13 20 17 11 0 14 0 5 20 11 11 11 9 0 5 9 20 6 11 17 24 8 26 20 14 24 20 7 13 17 17 17 17 4 20 5 2 24 17 11 17 5 2 2 21 16 8 17 14 25 2 29 7 11 14 28 14 1 2 11 11 21 24 24 24 24 5 8 25 13 16 0 5 9 0 12 0 11 24 5 8 14 7 5 20 0 0 8 20 14 8 25 25 5 2 5 
Time cost: 0.0029277801513671875s

p29:
Result: 19305
Status of facilities: 1 1 1 1 1 1 1 1 1 1 0 1 1 1 1 1 1 1 0 1 1 1 1 0 1 1 1 1 1 1 
The assignment of customers to facilities: 20 11 13 2 20 5 2 9 14 17 22 16 8 20 3 14 14 17 5 11 2 0 5 3 5 8 19 24 5 24 5 25 6 25 20 20 24 15 0 14 0 14 15 8 24 14 0 13 27 8 29 14 14 5 13 20 17 11 0 14 0 5 20 11 11 11 9 0 5 9 20 6 11 17 24 8 26 20 14 24 20 7 13 17 17 17 17 4 20 5 2 24 17 11 17 5 2 2 21 16 8 17 17 25 2 29 17 11 14 28 14 1 2 11 11 21 24 24 24 24 5 8 25 13 16 0 5 9 0 12 0 11 24 5 8 14 7 5 20 17 0 8 20 14 8 25 25 11 2 24 
Time cost: 0.0039043426513671875s

p30:
Result: 16239
Status of facilities: 1 1 1 1 1 1 1 1 1 1 0 1 1 1 1 1 1 1 0 1 1 1 1 0 1 1 1 1 1 1 
The assignment of customers to facilities: 20 11 13 2 20 5 2 9 14 17 22 16 8 20 3 14 14 17 5 11 2 0 5 3 5 8 19 24 5 24 5 25 6 25 20 20 24 15 0 14 0 14 15 8 24 14 0 13 27 8 29 14 14 5 13 20 17 11 0 14 0 5 20 11 11 11 9 0 5 9 20 6 11 17 24 8 26 20 14 24 20 7 13 17 17 17 17 4 20 5 2 24 17 11 17 5 2 2 21 16 8 17 17 25 2 29 17 11 14 28 14 1 2 11 11 21 24 24 24 24 5 8 25 13 16 0 5 9 0 12 0 11 24 5 8 14 7 5 20 17 0 8 20 14 8 25 25 11 2 24 
Time cost: 0.0039043426513671875s

p31:
Result: 21639
Status of facilities: 1 1 1 1 1 1 1 1 1 1 0 1 1 1 1 1 1 1 0 1 1 1 1 0 1 1 1 1 1 1 
The assignment of customers to facilities: 20 11 13 2 20 5 2 9 14 17 22 16 8 20 3 14 14 17 5 11 2 0 5 3 5 8 19 24 5 24 5 25 6 25 20 20 24 15 0 14 0 14 15 8 24 14 0 13 27 8 29 14 14 5 13 20 17 11 0 14 0 5 20 11 11 11 9 0 5 9 20 6 11 17 24 8 26 20 14 24 20 7 13 17 17 17 17 4 20 5 2 24 17 11 17 5 2 2 21 16 8 17 17 25 2 29 17 11 14 28 14 1 2 11 11 21 24 24 24 24 5 8 25 13 16 0 5 9 0 12 0 11 24 5 8 14 7 5 20 17 0 8 20 14 8 25 25 11 2 24 
Time cost: 0.003903627395629883s

p32:
Result: 27039
Status of facilities: 1 1 1 1 1 1 1 1 1 1 0 1 1 1 1 1 1 1 0 1 1 1 1 0 1 1 1 1 1 1 
The assignment of customers to facilities: 20 11 13 2 20 5 2 9 14 17 22 16 8 20 3 14 14 17 5 11 2 0 5 3 5 8 19 24 5 24 5 25 6 25 20 20 24 15 0 14 0 14 15 8 24 14 0 13 27 8 29 14 14 5 13 20 17 11 0 14 0 5 20 11 11 11 9 0 5 9 20 6 11 17 24 8 26 20 14 24 20 7 13 17 17 17 17 4 20 5 2 24 17 11 17 5 2 2 21 16 8 17 17 25 2 29 17 11 14 28 14 1 2 11 11 21 24 24 24 24 5 8 25 13 16 0 5 9 0 12 0 11 24 5 8 14 7 5 20 17 0 8 20 14 8 25 25 11 2 24 
Time cost: 0.003903627395629883s

p33:
Result: 19055
Status of facilities: 1 1 1 1 1 1 1 1 1 1 0 1 1 1 1 1 1 1 0 1 1 1 1 0 1 1 1 1 1 1 
The assignment of customers to facilities: 20 11 13 2 20 5 2 9 14 17 22 16 8 20 3 14 14 17 5 11 2 0 5 3 5 8 19 24 5 24 5 25 6 25 20 20 24 15 0 14 0 14 15 8 24 14 0 13 27 8 29 14 14 5 13 20 17 11 0 14 0 5 20 11 11 11 9 0 5 9 20 6 11 17 24 8 26 20 14 24 20 7 13 17 17 17 17 4 20 5 2 24 17 11 17 5 2 2 21 16 8 17 17 25 2 29 17 11 14 28 14 1 2 11 11 21 24 24 24 24 5 8 25 13 16 0 5 9 0 12 0 11 24 5 8 14 7 5 20 17 0 8 20 14 8 25 25 5 2 5 
Time cost: 0.0039033889770507812s

p34:
Result: 15989
Status of facilities: 1 1 1 1 1 1 1 1 1 1 0 1 1 1 1 1 1 1 0 1 1 1 1 0 1 1 1 1 1 1 
The assignment of customers to facilities: 20 11 13 2 20 5 2 9 14 17 22 16 8 20 3 14 14 17 5 11 2 0 5 3 5 8 19 24 5 24 5 25 6 25 20 20 24 15 0 14 0 14 15 8 24 14 0 13 27 8 29 14 14 5 13 20 17 11 0 14 0 5 20 11 11 11 9 0 5 9 20 6 11 17 24 8 26 20 14 24 20 7 13 17 17 17 17 4 20 5 2 24 17 11 17 5 2 2 21 16 8 17 17 25 2 29 17 11 14 28 14 1 2 11 11 21 24 24 24 24 5 8 25 13 16 0 5 9 0 12 0 11 24 5 8 14 7 5 20 17 0 8 20 14 8 25 25 5 2 5 
Time cost: 0.003903627395629883s

p35:
Result: 21389
Status of facilities: 1 1 1 1 1 1 1 1 1 1 0 1 1 1 1 1 1 1 0 1 1 1 1 0 1 1 1 1 1 1 
The assignment of customers to facilities: 20 11 13 2 20 5 2 9 14 17 22 16 8 20 3 14 14 17 5 11 2 0 5 3 5 8 19 24 5 24 5 25 6 25 20 20 24 15 0 14 0 14 15 8 24 14 0 13 27 8 29 14 14 5 13 20 17 11 0 14 0 5 20 11 11 11 9 0 5 9 20 6 11 17 24 8 26 20 14 24 20 7 13 17 17 17 17 4 20 5 2 24 17 11 17 5 2 2 21 16 8 17 17 25 2 29 17 11 14 28 14 1 2 11 11 21 24 24 24 24 5 8 25 13 16 0 5 9 0 12 0 11 24 5 8 14 7 5 20 17 0 8 20 14 8 25 25 5 2 5 
Time cost: 0.003905057907104492s

p36:
Result: 26789
Status of facilities: 1 1 1 1 1 1 1 1 1 1 0 1 1 1 1 1 1 1 0 1 1 1 1 0 1 1 1 1 1 1 
The assignment of customers to facilities: 20 11 13 2 20 5 2 9 14 17 22 16 8 20 3 14 14 17 5 11 2 0 5 3 5 8 19 24 5 24 5 25 6 25 20 20 24 15 0 14 0 14 15 8 24 14 0 13 27 8 29 14 14 5 13 20 17 11 0 14 0 5 20 11 11 11 9 0 5 9 20 6 11 17 24 8 26 20 14 24 20 7 13 17 17 17 17 4 20 5 2 24 17 11 17 5 2 2 21 16 8 17 17 25 2 29 17 11 14 28 14 1 2 11 11 21 24 24 24 24 5 8 25 13 16 0 5 9 0 12 0 11 24 5 8 14 7 5 20 17 0 8 20 14 8 25 25 5 2 5 
Time cost: 0.0038759708404541016s

p37:
Result: 19055
Status of facilities: 1 1 1 1 1 1 1 1 1 1 0 1 1 1 1 1 1 1 0 1 1 1 1 0 1 1 1 1 1 1 
The assignment of customers to facilities: 20 11 13 2 20 5 2 9 14 17 22 16 8 20 3 14 14 17 5 11 2 0 5 3 5 8 19 24 5 24 5 25 6 25 20 20 24 15 0 14 0 14 15 8 24 14 0 13 27 8 29 14 14 5 13 20 17 11 0 14 0 5 20 11 11 11 9 0 5 9 20 6 11 17 24 8 26 20 14 24 20 7 13 17 17 17 17 4 20 5 2 24 17 11 17 5 2 2 21 16 8 17 17 25 2 29 17 11 14 28 14 1 2 11 11 21 24 24 24 24 5 8 25 13 16 0 5 9 0 12 0 11 24 5 8 14 7 5 20 17 0 8 20 14 8 25 25 5 2 5 
Time cost: 0.0039043426513671875s

p38:
Result: 15989
Status of facilities: 1 1 1 1 1 1 1 1 1 1 0 1 1 1 1 1 1 1 0 1 1 1 1 0 1 1 1 1 1 1 
The assignment of customers to facilities: 20 11 13 2 20 5 2 9 14 17 22 16 8 20 3 14 14 17 5 11 2 0 5 3 5 8 19 24 5 24 5 25 6 25 20 20 24 15 0 14 0 14 15 8 24 14 0 13 27 8 29 14 14 5 13 20 17 11 0 14 0 5 20 11 11 11 9 0 5 9 20 6 11 17 24 8 26 20 14 24 20 7 13 17 17 17 17 4 20 5 2 24 17 11 17 5 2 2 21 16 8 17 17 25 2 29 17 11 14 28 14 1 2 11 11 21 24 24 24 24 5 8 25 13 16 0 5 9 0 12 0 11 24 5 8 14 7 5 20 17 0 8 20 14 8 25 25 5 2 5 
Time cost: 0.0039052963256835938s

p39:
Result: 21389
Status of facilities: 1 1 1 1 1 1 1 1 1 1 0 1 1 1 1 1 1 1 0 1 1 1 1 0 1 1 1 1 1 1 
The assignment of customers to facilities: 20 11 13 2 20 5 2 9 14 17 22 16 8 20 3 14 14 17 5 11 2 0 5 3 5 8 19 24 5 24 5 25 6 25 20 20 24 15 0 14 0 14 15 8 24 14 0 13 27 8 29 14 14 5 13 20 17 11 0 14 0 5 20 11 11 11 9 0 5 9 20 6 11 17 24 8 26 20 14 24 20 7 13 17 17 17 17 4 20 5 2 24 17 11 17 5 2 2 21 16 8 17 17 25 2 29 17 11 14 28 14 1 2 11 11 21 24 24 24 24 5 8 25 13 16 0 5 9 0 12 0 11 24 5 8 14 7 5 20 17 0 8 20 14 8 25 25 5 2 5 
Time cost: 0.0039033889770507812s

p40:
Result: 26789
Status of facilities: 1 1 1 1 1 1 1 1 1 1 0 1 1 1 1 1 1 1 0 1 1 1 1 0 1 1 1 1 1 1 
The assignment of customers to facilities: 20 11 13 2 20 5 2 9 14 17 22 16 8 20 3 14 14 17 5 11 2 0 5 3 5 8 19 24 5 24 5 25 6 25 20 20 24 15 0 14 0 14 15 8 24 14 0 13 27 8 29 14 14 5 13 20 17 11 0 14 0 5 20 11 11 11 9 0 5 9 20 6 11 17 24 8 26 20 14 24 20 7 13 17 17 17 17 4 20 5 2 24 17 11 17 5 2 2 21 16 8 17 17 25 2 29 17 11 14 28 14 1 2 11 11 21 24 24 24 24 5 8 25 13 16 0 5 9 0 12 0 11 24 5 8 14 7 5 20 17 0 8 20 14 8 25 25 5 2 5 
Time cost: 0.003916025161743164s

p41:
Result: 7226
Status of facilities: 1 1 1 1 1 1 1 1 1 1 
The assignment of customers to facilities: 5 6 4 1 7 9 3 7 8 8 4 9 2 6 2 7 7 3 0 6 6 1 4 1 6 5 5 4 8 5 8 0 0 0 3 9 2 6 6 9 2 7 3 3 3 5 0 5 6 4 1 1 6 6 9 7 2 8 8 8 0 0 1 5 0 6 6 6 4 4 0 4 4 0 7 7 9 2 6 5 7 2 2 7 7 9 2 2 7 2 
Time cost: 0.0009748935699462891s

p42:
Result: 9957
Status of facilities: 1 1 1 1 1 1 1 1 1 1 1 1 1 1 1 1 1 1 1 1 
The assignment of customers to facilities: 12 10 11 9 15 18 16 3 17 1 11 18 6 10 6 15 0 2 14 14 5 11 9 8 12 8 11 16 17 13 7 19 6 8 14 10 10 0 0 1 1 3 3 16 9 5 8 19 15 15 16 17 7 13 13 5 2 14 14 14 11 11 4 3 11 3 0 15 19 6 10 18 19 19 19 18 18 18 19 19 
Time cost: 0.0019524097442626953s

p43:
Result: 12448
Status of facilities: 1 1 1 1 1 1 1 1 1 1 0 1 1 1 0 1 0 1 1 1 1 1 1 1 1 1 1 1 1 1 
The assignment of customers to facilities: 18 19 15 24 25 22 26 21 27 29 24 23 3 9 18 11 8 15 12 7 25 26 22 20 17 13 29 6 29 4 5 2 2 13 0 22 7 12 21 11 4 12 28 23 5 25 26 17 17 11 21 0 9 18 6 6 19 20 2 29 5 27 1 29 27 28 1 27 28 29 
Time cost: 0.0019516944885253906s

p44:
Result: 7585
Status of facilities: 1 1 1 1 1 1 1 1 1 1 
The assignment of customers to facilities: 4 4 4 4 4 4 4 4 0 0 0 0 0 0 0 0 1 1 1 1 1 7 6 2 2 2 2 2 2 2 2 3 3 3 3 3 3 3 3 3 4 6 8 8 8 8 7 5 9 9 7 6 5 5 8 8 7 7 9 5 5 5 9 3 0 6 6 8 1 5 4 9 9 7 7 9 6 6 5 2 7 9 7 9 9 7 6 5 7 5 
Time cost: 0.0009758472442626953s

p45:
Result: 9848
Status of facilities: 1 1 1 1 1 1 1 1 1 1 1 1 1 1 1 1 1 1 1 1 
The assignment of customers to facilities: 0 0 0 0 0 0 0 1 1 1 1 6 6 6 6 2 2 3 2 3 2 4 4 4 4 4 4 4 4 5 5 5 5 5 5 5 5 5 0 0 2 3 11 12 18 16 19 7 15 16 8 13 11 16 18 19 14 15 10 9 12 9 15 17 13 13 8 12 7 10 18 12 13 17 14 17 8 16 10 7 
Time cost: 0.0019526481628417969s

p46:
Result: 12639
Status of facilities: 1 1 1 1 1 1 1 1 1 1 1 1 1 1 1 1 1 1 1 1 0 1 1 0 1 1 1 1 1 1 
The assignment of customers to facilities: 10 0 10 10 10 0 10 1 1 1 1 11 11 11 11 2 2 3 2 3 2 4 4 5 6 6 5 7 7 8 7 8 9 9 10 2 3 17 24 28 29 12 21 22 24 14 18 17 16 28 29 27 13 22 25 26 13 18 18 24 19 15 28 18 26 27 14 13 15 12 
Time cost: 0.00197601318359375s

p47:
Result: 6634
Status of facilities: 1 1 1 1 1 1 1 1 1 1 
The assignment of customers to facilities: 0 0 0 0 0 0 0 0 0 0 1 1 1 1 2 2 1 2 2 2 2 2 2 2 2 2 2 3 3 3 3 3 3 3 3 4 4 4 4 4 4 4 4 4 4 4 4 5 5 5 5 5 5 5 6 6 6 6 6 6 6 6 7 7 6 7 6 0 7 7 7 7 7 8 8 8 8 8 9 8 0 9 9 9 9 2 2 2 9 2 
Time cost: 0.0009753704071044922s

p48:
Result: 9044
Status of facilities: 1 1 1 1 1 1 1 1 1 1 1 1 1 1 1 1 1 1 1 1 
The assignment of customers to facilities: 0 0 0 0 1 0 1 1 1 2 3 2 2 3 3 4 4 4 5 5 5 5 5 5 6 6 6 6 6 7 7 8 8 8 8 8 8 8 9 9 9 9 10 10 11 10 11 10 12 13 12 13 13 12 13 14 15 12 14 12 0 15 14 14 15 16 16 17 17 17 17 17 17 18 18 19 18 19 19 19 
Time cost: 0.001928567886352539s

p49:
Result: 12420
Status of facilities: 1 1 1 1 1 1 1 1 1 1 1 1 1 1 1 1 1 1 1 1 1 1 1 1 1 1 1 1 1 0 
The assignment of customers to facilities: 0 1 1 2 1 2 2 2 3 5 3 5 4 6 6 6 7 7 7 7 7 7 9 10 8 11 10 12 12 14 13 13 13 14 15 15 16 16 17 16 17 16 20 19 18 19 18 20 21 18 21 18 0 22 23 23 22 24 24 26 25 26 25 26 27 27 28 27 28 28 
Time cost: 0.0019259452819824219s

p50:
Result: 10062
Status of facilities: 1 1 1 1 1 1 1 1 1 1 
The assignment of customers to facilities: 3 6 3 0 9 9 5 5 3 7 7 4 1 9 9 9 9 2 5 3 0 0 0 4 0 0 7 4 4 7 7 7 3 3 3 5 9 9 0 6 0 9 9 1 5 5 5 5 5 3 3 5 6 0 0 0 9 6 1 2 1 7 7 7 3 3 0 4 8 7 3 6 6 6 6 4 4 3 3 4 3 5 2 2 2 1 6 7 2 7 1 2 2 2 2 2 2 2 2 2 
Time cost: 0.0009760856628417969s

p51:
Result: 11351
Status of facilities: 1 1 1 1 1 1 1 1 1 0 1 0 1 1 1 1 1 1 1 1 
The assignment of customers to facilities: 15 6 19 10 12 13 5 16 15 1 5 3 6 13 6 13 12 16 2 15 0 0 10 14 14 14 1 3 19 7 1 1 17 19 15 5 13 13 10 0 0 13 13 13 16 5 5 5 5 17 15 2 0 14 14 10 6 6 13 12 13 5 1 5 15 15 10 3 7 7 15 0 0 0 10 19 19 19 19 3 19 5 16 12 13 13 6 8 12 1 13 13 13 4 18 13 18 18 18 18 
Time cost: 0.001951456069946289s

p52:
Result: 10364
Status of facilities: 1 1 1 1 1 1 1 1 1 1 
The assignment of customers to facilities: 7 7 7 7 7 7 7 7 3 4 4 4 3 4 4 4 4 8 8 8 8 3 8 3 3 9 9 9 9 9 9 9 9 5 6 6 6 6 6 6 6 6 6 6 7 7 4 5 5 5 5 3 4 6 2 5 3 3 3 4 6 5 5 5 0 5 5 6 4 7 6 6 4 3 3 5 3 4 7 1 6 3 3 5 5 3 3 7 5 3 1 1 1 1 5 1 3 4 3 7 
Time cost: 0.0009772777557373047s

p53:
Result: 12470
Status of facilities: 1 1 1 1 1 1 1 1 0 1 0 1 1 1 1 1 1 1 1 1 
The assignment of customers to facilities: 5 5 5 5 5 5 5 5 19 19 19 7 7 7 7 7 7 12 12 12 12 13 13 12 3 9 9 9 9 9 9 9 9 15 18 18 18 18 18 18 18 18 18 18 5 5 7 12 13 15 15 4 7 18 5 11 3 3 1 6 18 2 15 13 0 13 2 5 6 5 17 18 6 3 3 15 3 6 6 2 14 19 13 15 15 3 1 6 15 1 2 2 17 17 2 17 1 6 1 16 
Time cost: 0.0019505023956298828s

p54:
Result: 10351
Status of facilities: 1 1 1 1 1 1 1 1 1 1 
The assignment of customers to facilities: 9 9 7 7 7 7 7 2 2 2 2 2 2 2 2 2 2 2 2 1 1 1 1 3 1 1 3 3 3 3 3 3 3 3 3 3 3 3 3 6 6 8 8 6 8 8 8 8 8 8 3 3 6 6 6 6 6 6 6 6 6 5 5 6 5 5 5 6 6 0 0 0 0 0 9 0 0 0 0 0 4 4 4 4 4 4 4 4 4 4 4 9 9 4 4 4 2 4 2 2 
Time cost: 0.0009760856628417969s

p55:
Result: 11970
Status of facilities: 1 1 1 1 1 1 1 1 1 1 0 1 1 1 1 1 1 1 1 1 
The assignment of customers to facilities: 17 17 16 17 16 4 4 4 8 8 8 8 2 8 8 2 2 2 8 12 1 12 12 6 12 12 12 6 6 6 6 14 14 6 6 6 6 6 6 7 7 19 19 7 0 0 0 0 0 0 0 0 7 7 7 7 7 7 7 7 11 11 9 11 3 11 11 7 11 9 9 11 9 11 17 13 9 13 13 13 13 15 15 15 15 15 15 15 5 15 5 18 18 18 18 17 18 18 18 18 
Time cost: 0.0019516944885253906s

p56:
Result: 23882
Status of facilities: 1 1 1 1 1 1 1 1 1 1 1 1 1 1 1 1 1 1 1 1 1 1 1 1 1 1 1 1 1 1 
The assignment of customers to facilities: 18 19 21 27 2 12 15 27 22 28 4 28 13 1 28 18 1 20 22 0 18 16 5 24 10 18 27 19 29 2 19 19 4 16 27 6 20 8 24 16 18 9 6 4 8 19 13 21 19 14 24 16 24 16 8 6 11 9 18 7 29 0 7 8 13 11 5 14 28 25 18 12 19 9 23 23 20 23 8 16 10 0 9 25 29 13 6 5 27 7 28 6 25 25 2 3 11 6 0 28 28 15 25 18 4 0 4 24 22 3 19 4 27 12 12 8 28 7 17 8 26 11 17 19 26 16 2 11 26 17 28 24 25 20 23 9 3 3 28 10 12 22 11 11 25 5 24 15 27 25 24 17 23 0 8 11 2 15 3 13 13 27 10 24 5 27 5 4 3 21 1 20 19 14 26 2 0 10 29 10 5 21 2 19 12 8 28 23 0 21 2 21 6 4 7 12 7 15 10 19 
Time cost: 0.004879951477050781s

p57:
Result: 32882
Status of facilities: 1 1 1 1 1 1 1 1 1 1 1 1 1 1 1 1 1 1 1 1 1 1 1 1 1 1 1 1 1 1 
The assignment of customers to facilities: 18 19 21 27 2 12 15 27 22 28 4 28 13 1 28 18 1 20 22 0 18 16 5 24 10 18 27 19 29 2 19 19 4 16 27 6 20 8 24 16 18 9 6 4 8 19 13 21 19 14 24 16 24 16 8 6 11 9 18 7 29 0 7 8 13 11 5 14 28 25 18 12 19 9 23 23 20 23 8 16 10 0 9 25 29 13 6 5 27 7 28 6 25 25 2 3 11 6 0 28 28 15 25 18 4 0 4 24 22 3 19 4 27 12 12 8 28 7 17 8 26 11 17 19 26 16 2 11 26 17 28 24 25 20 23 9 3 3 28 10 12 22 11 11 25 5 24 15 27 25 24 17 23 0 8 11 2 15 3 13 13 27 10 24 5 27 5 4 3 21 1 20 19 14 26 2 0 10 29 10 5 21 2 19 12 8 28 23 0 21 2 21 6 4 7 12 7 15 10 19 
Time cost: 0.0048787593841552734s

p58:
Result: 53882
Status of facilities: 1 1 1 1 1 1 1 1 1 1 1 1 1 1 1 1 1 1 1 1 1 1 1 1 1 1 1 1 1 1 
The assignment of customers to facilities: 18 19 21 27 2 12 15 27 22 28 4 28 13 1 28 18 1 20 22 0 18 16 5 24 10 18 27 19 29 2 19 19 4 16 27 6 20 8 24 16 18 9 6 4 8 19 13 21 19 14 24 16 24 16 8 6 11 9 18 7 29 0 7 8 13 11 5 14 28 25 18 12 19 9 23 23 20 23 8 16 10 0 9 25 29 13 6 5 27 7 28 6 25 25 2 3 11 6 0 28 28 15 25 18 4 0 4 24 22 3 19 4 27 12 12 8 28 7 17 8 26 11 17 19 26 16 2 11 26 17 28 24 25 20 23 9 3 3 28 10 12 22 11 11 25 5 24 15 27 25 24 17 23 0 8 11 2 15 3 13 13 27 10 24 5 27 5 4 3 21 1 20 19 14 26 2 0 10 29 10 5 21 2 19 12 8 28 23 0 21 2 21 6 4 7 12 7 15 10 19 
Time cost: 0.007808685302734375s

p59:
Result: 39121
Status of facilities: 1 1 1 1 1 1 1 1 1 1 1 1 1 1 1 1 1 1 1 1 1 1 1 1 1 1 1 1 1 1 
The assignment of customers to facilities: 18 19 21 27 2 12 15 27 22 28 4 28 13 1 28 18 1 20 22 0 18 16 5 24 10 18 27 19 29 2 19 19 4 16 27 6 20 8 24 16 18 9 6 4 8 19 13 21 19 14 24 16 24 16 8 6 11 9 18 7 29 0 7 8 13 11 5 14 28 25 18 12 19 9 23 23 20 23 8 16 10 0 9 25 29 13 6 5 27 7 28 6 25 25 2 3 11 6 0 28 28 15 25 18 4 0 4 24 22 3 19 4 27 12 12 8 28 7 17 8 26 11 17 19 26 16 2 11 26 17 28 24 25 20 23 9 3 3 28 10 12 22 11 11 25 5 24 15 27 25 24 17 23 0 8 11 2 15 3 13 13 27 10 24 5 27 5 4 3 21 1 20 19 14 26 2 0 10 29 10 5 21 2 19 12 8 28 23 0 21 2 21 6 4 7 12 7 15 10 19 
Time cost: 0.004879951477050781s

p60:
Result: 23882
Status of facilities: 1 1 1 1 1 1 1 1 1 1 1 1 1 1 1 1 1 1 1 1 1 1 1 1 1 1 1 1 1 1 
The assignment of customers to facilities: 18 19 21 27 2 12 15 27 22 28 4 28 13 1 28 18 1 20 22 0 18 16 5 24 10 18 27 19 29 2 19 19 4 16 27 6 20 8 24 16 18 9 6 4 8 19 13 21 19 14 24 16 24 16 8 6 11 9 18 7 29 0 7 8 13 11 5 14 28 25 18 12 19 9 23 23 20 23 8 16 10 0 9 25 29 13 6 5 27 7 28 6 25 25 2 3 11 6 0 28 28 15 25 18 4 0 4 24 22 3 19 4 27 12 12 8 28 7 17 8 26 11 17 19 26 16 2 11 26 17 28 24 25 20 23 9 3 3 28 10 12 22 11 11 25 5 24 15 27 25 24 17 23 0 8 11 2 15 3 13 13 27 10 24 5 27 5 4 3 21 1 20 19 14 26 2 0 10 29 10 5 21 2 19 12 8 28 23 0 21 2 21 6 4 7 12 7 15 10 19 
Time cost: 0.0058553218841552734s

p61:
Result: 32882
Status of facilities: 1 1 1 1 1 1 1 1 1 1 1 1 1 1 1 1 1 1 1 1 1 1 1 1 1 1 1 1 1 1 
The assignment of customers to facilities: 18 19 21 27 2 12 15 27 22 28 4 28 13 1 28 18 1 20 22 0 18 16 5 24 10 18 27 19 29 2 19 19 4 16 27 6 20 8 24 16 18 9 6 4 8 19 13 21 19 14 24 16 24 16 8 6 11 9 18 7 29 0 7 8 13 11 5 14 28 25 18 12 19 9 23 23 20 23 8 16 10 0 9 25 29 13 6 5 27 7 28 6 25 25 2 3 11 6 0 28 28 15 25 18 4 0 4 24 22 3 19 4 27 12 12 8 28 7 17 8 26 11 17 19 26 16 2 11 26 17 28 24 25 20 23 9 3 3 28 10 12 22 11 11 25 5 24 15 27 25 24 17 23 0 8 11 2 15 3 13 13 27 10 24 5 27 5 4 3 21 1 20 19 14 26 2 0 10 29 10 5 21 2 19 12 8 28 23 0 21 2 21 6 4 7 12 7 15 10 19 
Time cost: 0.005855083465576172s

p62:
Result: 53882
Status of facilities: 1 1 1 1 1 1 1 1 1 1 1 1 1 1 1 1 1 1 1 1 1 1 1 1 1 1 1 1 1 1 
The assignment of customers to facilities: 18 19 21 27 2 12 15 27 22 28 4 28 13 1 28 18 1 20 22 0 18 16 5 24 10 18 27 19 29 2 19 19 4 16 27 6 20 8 24 16 18 9 6 4 8 19 13 21 19 14 24 16 24 16 8 6 11 9 18 7 29 0 7 8 13 11 5 14 28 25 18 12 19 9 23 23 20 23 8 16 10 0 9 25 29 13 6 5 27 7 28 6 25 25 2 3 11 6 0 28 28 15 25 18 4 0 4 24 22 3 19 4 27 12 12 8 28 7 17 8 26 11 17 19 26 16 2 11 26 17 28 24 25 20 23 9 3 3 28 10 12 22 11 11 25 5 24 15 27 25 24 17 23 0 8 11 2 15 3 13 13 27 10 24 5 27 5 4 3 21 1 20 19 14 26 2 0 10 29 10 5 21 2 19 12 8 28 23 0 21 2 21 6 4 7 12 7 15 10 19 
Time cost: 0.004879474639892578s

p63:
Result: 39121
Status of facilities: 1 1 1 1 1 1 1 1 1 1 1 1 1 1 1 1 1 1 1 1 1 1 1 1 1 1 1 1 1 1 
The assignment of customers to facilities: 18 19 21 27 2 12 15 27 22 28 4 28 13 1 28 18 1 20 22 0 18 16 5 24 10 18 27 19 29 2 19 19 4 16 27 6 20 8 24 16 18 9 6 4 8 19 13 21 19 14 24 16 24 16 8 6 11 9 18 7 29 0 7 8 13 11 5 14 28 25 18 12 19 9 23 23 20 23 8 16 10 0 9 25 29 13 6 5 27 7 28 6 25 25 2 3 11 6 0 28 28 15 25 18 4 0 4 24 22 3 19 4 27 12 12 8 28 7 17 8 26 11 17 19 26 16 2 11 26 17 28 24 25 20 23 9 3 3 28 10 12 22 11 11 25 5 24 15 27 25 24 17 23 0 8 11 2 15 3 13 13 27 10 24 5 27 5 4 3 21 1 20 19 14 26 2 0 10 29 10 5 21 2 19 12 8 28 23 0 21 2 21 6 4 7 12 7 15 10 19 
Time cost: 0.00585627555847168s

p64:
Result: 23882
Status of facilities: 1 1 1 1 1 1 1 1 1 1 1 1 1 1 1 1 1 1 1 1 1 1 1 1 1 1 1 1 1 1 
The assignment of customers to facilities: 18 19 21 27 2 12 15 27 22 28 4 28 13 1 28 18 1 20 22 0 18 16 5 24 10 18 27 19 29 2 19 19 4 16 27 6 20 8 24 16 18 9 6 4 8 19 13 21 19 14 24 16 24 16 8 6 11 9 18 7 29 0 7 8 13 11 5 14 28 25 18 12 19 9 23 23 20 23 8 16 10 0 9 25 29 13 6 5 27 7 28 6 25 25 2 3 11 6 0 28 28 15 25 18 4 0 4 24 22 3 19 4 27 12 12 8 28 7 17 8 26 11 17 19 26 16 2 11 26 17 28 24 25 20 23 9 3 3 28 10 12 22 11 11 25 5 24 15 27 25 24 17 23 0 8 11 2 15 3 13 13 27 10 24 5 27 5 4 3 21 1 20 19 14 26 2 0 10 29 10 5 21 2 19 12 8 28 23 0 21 2 21 6 4 7 12 7 15 10 19 
Time cost: 0.004880428314208984s

p65:
Result: 32882
Status of facilities: 1 1 1 1 1 1 1 1 1 1 1 1 1 1 1 1 1 1 1 1 1 1 1 1 1 1 1 1 1 1 
The assignment of customers to facilities: 18 19 21 27 2 12 15 27 22 28 4 28 13 1 28 18 1 20 22 0 18 16 5 24 10 18 27 19 29 2 19 19 4 16 27 6 20 8 24 16 18 9 6 4 8 19 13 21 19 14 24 16 24 16 8 6 11 9 18 7 29 0 7 8 13 11 5 14 28 25 18 12 19 9 23 23 20 23 8 16 10 0 9 25 29 13 6 5 27 7 28 6 25 25 2 3 11 6 0 28 28 15 25 18 4 0 4 24 22 3 19 4 27 12 12 8 28 7 17 8 26 11 17 19 26 16 2 11 26 17 28 24 25 20 23 9 3 3 28 10 12 22 11 11 25 5 24 15 27 25 24 17 23 0 8 11 2 15 3 13 13 27 10 24 5 27 5 4 3 21 1 20 19 14 26 2 0 10 29 10 5 21 2 19 12 8 28 23 0 21 2 21 6 4 7 12 7 15 10 19 
Time cost: 0.004879951477050781s

p66:
Result: 53882
Status of facilities: 1 1 1 1 1 1 1 1 1 1 1 1 1 1 1 1 1 1 1 1 1 1 1 1 1 1 1 1 1 1 
The assignment of customers to facilities: 18 19 21 27 2 12 15 27 22 28 4 28 13 1 28 18 1 20 22 0 18 16 5 24 10 18 27 19 29 2 19 19 4 16 27 6 20 8 24 16 18 9 6 4 8 19 13 21 19 14 24 16 24 16 8 6 11 9 18 7 29 0 7 8 13 11 5 14 28 25 18 12 19 9 23 23 20 23 8 16 10 0 9 25 29 13 6 5 27 7 28 6 25 25 2 3 11 6 0 28 28 15 25 18 4 0 4 24 22 3 19 4 27 12 12 8 28 7 17 8 26 11 17 19 26 16 2 11 26 17 28 24 25 20 23 9 3 3 28 10 12 22 11 11 25 5 24 15 27 25 24 17 23 0 8 11 2 15 3 13 13 27 10 24 5 27 5 4 3 21 1 20 19 14 26 2 0 10 29 10 5 21 2 19 12 8 28 23 0 21 2 21 6 4 7 12 7 15 10 19 
Time cost: 0.004880189895629883s

p67:
Result: 39671
Status of facilities: 1 1 1 1 1 1 1 1 1 1 1 1 1 1 1 1 1 1 1 1 1 1 1 1 1 1 1 1 1 1 
The assignment of customers to facilities: 18 19 21 22 2 12 15 27 22 28 4 28 13 1 28 18 1 20 22 0 18 16 5 24 10 18 27 19 29 2 19 19 4 16 27 6 20 8 24 15 18 9 6 26 8 19 13 21 19 14 24 16 24 16 8 6 11 9 18 25 29 0 7 8 13 11 5 14 28 25 7 12 19 9 23 23 20 23 8 16 10 0 9 25 29 13 19 5 27 7 28 6 25 25 2 3 27 6 0 28 28 15 25 18 4 0 4 24 22 3 19 4 27 12 12 8 28 7 17 8 26 11 17 19 26 16 2 11 26 17 28 24 25 20 23 9 3 3 28 10 12 22 11 11 25 5 24 15 27 25 24 17 23 0 8 11 2 15 3 13 13 27 10 24 5 27 5 4 3 21 1 20 19 14 26 2 0 10 29 10 5 21 2 19 12 8 28 23 0 21 2 21 6 4 7 12 7 15 10 19 
Time cost: 0.00487971305847168s

p68:
Result: 23882
Status of facilities: 1 1 1 1 1 1 1 1 1 1 1 1 1 1 1 1 1 1 1 1 1 1 1 1 1 1 1 1 1 1 
The assignment of customers to facilities: 18 19 21 27 2 12 15 27 22 28 4 28 13 1 28 18 1 20 22 0 18 16 5 24 10 18 27 19 29 2 19 19 4 16 27 6 20 8 24 16 18 9 6 4 8 19 13 21 19 14 24 16 24 16 8 6 11 9 18 7 29 0 7 8 13 11 5 14 28 25 18 12 19 9 23 23 20 23 8 16 10 0 9 25 29 13 6 5 27 7 28 6 25 25 2 3 11 6 0 28 28 15 25 18 4 0 4 24 22 3 19 4 27 12 12 8 28 7 17 8 26 11 17 19 26 16 2 11 26 17 28 24 25 20 23 9 3 3 28 10 12 22 11 11 25 5 24 15 27 25 24 17 23 0 8 11 2 15 3 13 13 27 10 24 5 27 5 4 3 21 1 20 19 14 26 2 0 10 29 10 5 21 2 19 12 8 28 23 0 21 2 21 6 4 7 12 7 15 10 19 
Time cost: 0.004879951477050781s

p69:
Result: 32882
Status of facilities: 1 1 1 1 1 1 1 1 1 1 1 1 1 1 1 1 1 1 1 1 1 1 1 1 1 1 1 1 1 1 
The assignment of customers to facilities: 18 19 21 27 2 12 15 27 22 28 4 28 13 1 28 18 1 20 22 0 18 16 5 24 10 18 27 19 29 2 19 19 4 16 27 6 20 8 24 16 18 9 6 4 8 19 13 21 19 14 24 16 24 16 8 6 11 9 18 7 29 0 7 8 13 11 5 14 28 25 18 12 19 9 23 23 20 23 8 16 10 0 9 25 29 13 6 5 27 7 28 6 25 25 2 3 11 6 0 28 28 15 25 18 4 0 4 24 22 3 19 4 27 12 12 8 28 7 17 8 26 11 17 19 26 16 2 11 26 17 28 24 25 20 23 9 3 3 28 10 12 22 11 11 25 5 24 15 27 25 24 17 23 0 8 11 2 15 3 13 13 27 10 24 5 27 5 4 3 21 1 20 19 14 26 2 0 10 29 10 5 21 2 19 12 8 28 23 0 21 2 21 6 4 7 12 7 15 10 19 
Time cost: 0.004880189895629883s

p70:
Result: 53882
Status of facilities: 1 1 1 1 1 1 1 1 1 1 1 1 1 1 1 1 1 1 1 1 1 1 1 1 1 1 1 1 1 1 
The assignment of customers to facilities: 18 19 21 27 2 12 15 27 22 28 4 28 13 1 28 18 1 20 22 0 18 16 5 24 10 18 27 19 29 2 19 19 4 16 27 6 20 8 24 16 18 9 6 4 8 19 13 21 19 14 24 16 24 16 8 6 11 9 18 7 29 0 7 8 13 11 5 14 28 25 18 12 19 9 23 23 20 23 8 16 10 0 9 25 29 13 6 5 27 7 28 6 25 25 2 3 11 6 0 28 28 15 25 18 4 0 4 24 22 3 19 4 27 12 12 8 28 7 17 8 26 11 17 19 26 16 2 11 26 17 28 24 25 20 23 9 3 3 28 10 12 22 11 11 25 5 24 15 27 25 24 17 23 0 8 11 2 15 3 13 13 27 10 24 5 27 5 4 3 21 1 20 19 14 26 2 0 10 29 10 5 21 2 19 12 8 28 23 0 21 2 21 6 4 7 12 7 15 10 19 
Time cost: 0.00487971305847168s

p71:
Result: 39121
Status of facilities: 1 1 1 1 1 1 1 1 1 1 1 1 1 1 1 1 1 1 1 1 1 1 1 1 1 1 1 1 1 1 
The assignment of customers to facilities: 18 19 21 27 2 12 15 27 22 28 4 28 13 1 28 18 1 20 22 0 18 16 5 24 10 18 27 19 29 2 19 19 4 16 27 6 20 8 24 16 18 9 6 4 8 19 13 21 19 14 24 16 24 16 8 6 11 9 18 7 29 0 7 8 13 11 5 14 28 25 18 12 19 9 23 23 20 23 8 16 10 0 9 25 29 13 6 5 27 7 28 6 25 25 2 3 11 6 0 28 28 15 25 18 4 0 4 24 22 3 19 4 27 12 12 8 28 7 17 8 26 11 17 19 26 16 2 11 26 17 28 24 25 20 23 9 3 3 28 10 12 22 11 11 25 5 24 15 27 25 24 17 23 0 8 11 2 15 3 13 13 27 10 24 5 27 5 4 3 21 1 20 19 14 26 2 0 10 29 10 5 21 2 19 12 8 28 23 0 21 2 21 6 4 7 12 7 15 10 19 
Time cost: 0.004880189895629883s

